51 218 16.981437634085975
51 24 31.910914947206187
51 297 3.935767659725785
51 292 3.1626764200283466
51 147 11.445577657914859
51 279 1.0135781733300244
51 486 15.500456426904286
51 96 27.33357190056169
51 33 63.07685265242107
51 52 2503.876298088136
51 404 105.6674906979276
51 256 0.792674973084637
51 31 39.079286549662825
51 75 37.56340082781169
218 24 13.848625368698361
218 297 8.130107803032521
218 292 7.894655871506171
218 147 35.27901579412099
218 279 0.6564683627038382
218 486 8.510860527046022
218 96 21.241716916693655
218 33 16.76897967571512
218 52 15.540505173863293
218 404 27.53596031735744
218 256 0.6213409523837515
218 31 17.837361042360573
218 75 27.658144353313045
24 297 5.43380925758728
24 292 3.712054836762515
24 147 14.4922123544754
24 279 0.887129664090936
24 486 49.99051375889986
24 96 94.2609631542915
24 33 261.50504683584484
24 52 37.296549348948126
24 404 27.881857722988336
24 256 0.9893740260564698
24 31 865.4612417492788
24 75 97.03871108532114
297 292 40.758037569206145
297 147 5.535362327141507
297 279 0.49586280320630605
297 486 6.4382286591083595
297 96 5.291930349916712
297 33 5.484971248386756
297 52 3.942563898972168
297 404 5.6293518582329005
297 256 0.6051548216253974
297 31 5.983730751979733
297 75 5.6094096984016
292 147 5.242879809493193
292 279 0.43432682234952075
292 486 3.778949679540563
292 96 4.029469083998561
292 33 3.829680039614879
292 52 3.10893895089925
292 404 4.3630359858275325
292 256 0.49425953764298575
292 31 4.107119194570793
292 75 4.283567048771317
147 279 0.6272922662000275
147 486 6.956290911044549
147 96 36.37026889545245
147 33 13.424640138459695
147 52 10.97962866356395
147 404 11.772544670087814
147 256 0.700495580950358
147 31 16.645261295416894
147 75 35.37543001441716
279 486 0.9098130441703223
279 96 0.7924173511329767
279 33 0.92254303770992
279 52 1.0317755111909497
279 404 0.8971934101948467
279 256 0.7724298861735595
279 31 0.8643184440699507
279 75 0.8023990026559208
486 96 17.70255173657781
486 33 48.33813503634859
486 52 17.585041802263575
486 404 18.718706944000076
486 256 1.0329409289276366
486 31 45.892197306758824
486 75 18.994232248965627
96 33 60.930639385299436
96 52 28.57483637148344
96 404 22.83530009608778
96 256 0.889392671422518
96 31 109.30331908338256
96 75 747.8321340603437
33 52 78.46995007849648
33 404 58.501092700272785
33 256 0.9102553404586503
33 31 498.3926069812042
33 75 85.27900140432486
52 404 94.31790602268651
52 256 0.8198781978514597
52 31 44.97921280619679
52 75 38.75685314987522
404 256 0.7305984401739732
404 31 38.6008451548077
404 75 33.02447594449695
256 31 0.9264432878064509
256 75 0.850060056614682
31 75 144.4458874868885
