1 1 0
1 2 0
1 3 0
1 4 0
1 5 0
1 6 0
1 7 0
1 8 0
1 9 0
1 10 0
1 11 0
1 12 0
1 13 0
1 14 0
1 15 0
1 16 0
1 17 0
1 18 0
1 19 0
1 20 0
1 21 0
1 22 0
1 23 0
1 24 0
1 25 0
1 26 0
1 27 0
1 28 0
1 29 0
1 30 0
1 31 0
1 32 0
1 33 0
1 34 0
1 35 0
1 36 0
1 37 0
1 38 0
1 39 0
1 40 0
1 41 0
1 42 0
1 43 0
1 44 0
1 45 0
1 46 0
1 47 0
1 48 0
1 49 0
1 50 0
1 51 0
1 52 0
1 53 0
1 54 0
1 55 0
1 56 0
1 57 0
1 58 0
1 59 0
1 60 0
1 61 0
1 62 0
1 63 0
1 64 0
1 65 0
1 66 0
1 67 0
1 68 0
1 69 0
1 70 0
1 71 0
1 72 0
1 73 0
1 74 0
1 75 0
1 76 0
1 77 0
1 78 0
1 79 0
1 80 0
1 81 0
1 82 0
1 83 0
1 84 0
1 85 0
1 86 0
1 87 0
1 88 0
1 89 0
1 90 0
1 91 0
1 92 0
1 93 0
1 94 0
1 95 0
1 96 0
1 97 0
2 1 0
2 2 0
2 3 0
2 4 0
2 5 0
2 6 0
2 7 0
2 8 0
2 9 0
2 10 0
2 11 0
2 12 0
2 13 0
2 14 0
2 15 0
2 16 0
2 17 0
2 18 0
2 19 0
2 20 0
2 21 0
2 22 0
2 23 0
2 24 0
2 25 0
2 26 0
2 27 0
2 28 0
2 29 0
2 30 0
2 31 0
2 32 0
2 33 0
2 34 0
2 35 0
2 36 0
2 37 0
2 38 0
2 39 0
2 40 0
2 41 0
2 42 0
2 43 0
2 44 0
2 45 0
2 46 0
2 47 0
2 48 0
2 49 0
2 50 0
2 51 0
2 52 0
2 53 0
2 54 0
2 55 0
2 56 0
2 57 0
2 58 0
2 59 0
2 60 0
2 61 0
2 62 0
2 63 0
2 64 0
2 65 0
2 66 0
2 67 0
2 68 0
2 69 0
2 70 0
2 71 0
2 72 0
2 73 0
2 74 0
2 75 0
2 76 0
2 77 0
2 78 0
2 79 0
2 80 0
2 81 0
2 82 0
2 83 0
2 84 0
2 85 0
2 86 0
2 87 0
2 88 0
2 89 0
2 90 0
2 91 0
2 92 0
2 93 0
2 94 0
2 95 0
2 96 0
2 97 0
3 1 0
3 2 0
3 3 0
3 4 0
3 5 0
3 6 0
3 7 0
3 8 0
3 9 0
3 10 0
3 11 0
3 12 0
3 13 0
3 14 0
3 15 0
3 16 0
3 17 0
3 18 0
3 19 0
3 20 0
3 21 0
3 22 0
3 23 0
3 24 0
3 25 0
3 26 0
3 27 0
3 28 0
3 29 0
3 30 0
3 31 0
3 32 0
3 33 0
3 34 0
3 35 0
3 36 0
3 37 0
3 38 0
3 39 0
3 40 0
3 41 0
3 42 0
3 43 0
3 44 0
3 45 0
3 46 0
3 47 0
3 48 0
3 49 0
3 50 0
3 51 0
3 52 0
3 53 0
3 54 0
3 55 0
3 56 0
3 57 0
3 58 0
3 59 0
3 60 0
3 61 0
3 62 0
3 63 0
3 64 0
3 65 0
3 66 0
3 67 0
3 68 0
3 69 0
3 70 0
3 71 0
3 72 0
3 73 0
3 74 0
3 75 0
3 76 0
3 77 0
3 78 0
3 79 0
3 80 0
3 81 0
3 82 0
3 83 0
3 84 0
3 85 0
3 86 0
3 87 0
3 88 0
3 89 0
3 90 0
3 91 0
3 92 0
3 93 0
3 94 0
3 95 0
3 96 0
3 97 0
4 1 0
4 2 0
4 3 0
4 4 0
4 5 0
4 6 0
4 7 0
4 8 0
4 9 0
4 10 0
4 11 0
4 12 0
4 13 0
4 14 0
4 15 0
4 16 0
4 17 0
4 18 0
4 19 0
4 20 0
4 21 0
4 22 0
4 23 0
4 24 0
4 25 0
4 26 0
4 27 0
4 28 0
4 29 0
4 30 0
4 31 0
4 32 0
4 33 0
4 34 0
4 35 0
4 36 0
4 37 0
4 38 0
4 39 0
4 40 0
4 41 0
4 42 0
4 43 0
4 44 0
4 45 0
4 46 0
4 47 0
4 48 0
4 49 0
4 50 0
4 51 0
4 52 0
4 53 0
4 54 0
4 55 0
4 56 0
4 57 0
4 58 0
4 59 0
4 60 0
4 61 0
4 62 0
4 63 0
4 64 0
4 65 0
4 66 0
4 67 0
4 68 0
4 69 0
4 70 0
4 71 0
4 72 0
4 73 0
4 74 0
4 75 0
4 76 0
4 77 0
4 78 0
4 79 0
4 80 0
4 81 0
4 82 0
4 83 0
4 84 0
4 85 0
4 86 0
4 87 0
4 88 0
4 89 0
4 90 0
4 91 0
4 92 0
4 93 0
4 94 0
4 95 0
4 96 0
4 97 0
5 1 0
5 2 0
5 3 0
5 4 0
5 5 0
5 6 0
5 7 0
5 8 0
5 9 0
5 10 0
5 11 0
5 12 0
5 13 0
5 14 0
5 15 0
5 16 0
5 17 0
5 18 0
5 19 0
5 20 0
5 21 0
5 22 0
5 23 0
5 24 0
5 25 0
5 26 0
5 27 0
5 28 0
5 29 0
5 30 0
5 31 0
5 32 0
5 33 0
5 34 0
5 35 0
5 36 0
5 37 0
5 38 0
5 39 0
5 40 0
5 41 0
5 42 0
5 43 0
5 44 0
5 45 0
5 46 0
5 47 0
5 48 0
5 49 0
5 50 0
5 51 0
5 52 0
5 53 0
5 54 0
5 55 0
5 56 0
5 57 0
5 58 0
5 59 0
5 60 0
5 61 0
5 62 0
5 63 0
5 64 0
5 65 0
5 66 0
5 67 0
5 68 0
5 69 0
5 70 0
5 71 0
5 72 0
5 73 0
5 74 0
5 75 0
5 76 0
5 77 0
5 78 0
5 79 0
5 80 0
5 81 0
5 82 0
5 83 0
5 84 0
5 85 0
5 86 0
5 87 0
5 88 0
5 89 0
5 90 0
5 91 0
5 92 0
5 93 0
5 94 0
5 95 0
5 96 0
5 97 0
6 1 0
6 2 0
6 3 0
6 4 0
6 5 0
6 6 0
6 7 0
6 8 0
6 9 0
6 10 0
6 11 0
6 12 0
6 13 0
6 14 0
6 15 0
6 16 0
6 17 0
6 18 0
6 19 0
6 20 0
6 21 0
6 22 0
6 23 0
6 24 0
6 25 0
6 26 0
6 27 0
6 28 0
6 29 0
6 30 0
6 31 0
6 32 0
6 33 0
6 34 0
6 35 0
6 36 0
6 37 0
6 38 0
6 39 0
6 40 0
6 41 0
6 42 0
6 43 0
6 44 0
6 45 0
6 46 0
6 47 0
6 48 0
6 49 0
6 50 0
6 51 0
6 52 0
6 53 0
6 54 0
6 55 0
6 56 0
6 57 0
6 58 0
6 59 0
6 60 0
6 61 0
6 62 0
6 63 0
6 64 0
6 65 0
6 66 0
6 67 0
6 68 0
6 69 0
6 70 0
6 71 0
6 72 0
6 73 0
6 74 0
6 75 0
6 76 0
6 77 0
6 78 0
6 79 0
6 80 0
6 81 0
6 82 0
6 83 0
6 84 0
6 85 0
6 86 0
6 87 0
6 88 0
6 89 0
6 90 0
6 91 0
6 92 0
6 93 0
6 94 0
6 95 0
6 96 0
6 97 0
7 1 0
7 2 0
7 3 0
7 4 0
7 5 0
7 6 0
7 7 0
7 8 0
7 9 0
7 10 0
7 11 0
7 12 0
7 13 0
7 14 0
7 15 0
7 16 0
7 17 0
7 18 0
7 19 0
7 20 0
7 21 0
7 22 0
7 23 0
7 24 0
7 25 0
7 26 0
7 27 0
7 28 0
7 29 0
7 30 0
7 31 0
7 32 0
7 33 0
7 34 0
7 35 0
7 36 0
7 37 0
7 38 0
7 39 0
7 40 0
7 41 0
7 42 0
7 43 0
7 44 0
7 45 0
7 46 0
7 47 0
7 48 0
7 49 0
7 50 0
7 51 0
7 52 0
7 53 0
7 54 0
7 55 0
7 56 0
7 57 0
7 58 0
7 59 0
7 60 0
7 61 0
7 62 0
7 63 0
7 64 0
7 65 0
7 66 0
7 67 0
7 68 0
7 69 0
7 70 0
7 71 0
7 72 0
7 73 0
7 74 0
7 75 0
7 76 0
7 77 0
7 78 0
7 79 0
7 80 0
7 81 0
7 82 0
7 83 0
7 84 0
7 85 0
7 86 0
7 87 0
7 88 0
7 89 0
7 90 0
7 91 0
7 92 0
7 93 0
7 94 0
7 95 0
7 96 0
7 97 0
8 1 0
8 2 0
8 3 0
8 4 0
8 5 0
8 6 0
8 7 0
8 8 0
8 9 0
8 10 0
8 11 0
8 12 0
8 13 0
8 14 0
8 15 0
8 16 0
8 17 0
8 18 0
8 19 0
8 20 0
8 21 0
8 22 0
8 23 0
8 24 0
8 25 0
8 26 0
8 27 0
8 28 0
8 29 0
8 30 0
8 31 0
8 32 0
8 33 0
8 34 0
8 35 0
8 36 0
8 37 0
8 38 0
8 39 0
8 40 0
8 41 0
8 42 0
8 43 0
8 44 0
8 45 0
8 46 0
8 47 0
8 48 0
8 49 0
8 50 0
8 51 0
8 52 0
8 53 0
8 54 0
8 55 0
8 56 0
8 57 0
8 58 0
8 59 0
8 60 0
8 61 0
8 62 0
8 63 0
8 64 0
8 65 0
8 66 0
8 67 0
8 68 0
8 69 0
8 70 0
8 71 0
8 72 0
8 73 0
8 74 0
8 75 0
8 76 0
8 77 0
8 78 0
8 79 0
8 80 0
8 81 0
8 82 0
8 83 0
8 84 0
8 85 0
8 86 0
8 87 0
8 88 0
8 89 0
8 90 0
8 91 0
8 92 0
8 93 0
8 94 0
8 95 0
8 96 0
8 97 0
9 1 0
9 2 0
9 3 0
9 4 0
9 5 0
9 6 0
9 7 0
9 8 0
9 9 0
9 10 0
9 11 0
9 12 0
9 13 0
9 14 0
9 15 0
9 16 0
9 17 0
9 18 0
9 19 0
9 20 0
9 21 0
9 22 0
9 23 0
9 24 0
9 25 0
9 26 0
9 27 0
9 28 0
9 29 0
9 30 0
9 31 0
9 32 0
9 33 0
9 34 0
9 35 0
9 36 0
9 37 0
9 38 0
9 39 0
9 40 0
9 41 0
9 42 0
9 43 0
9 44 0
9 45 0
9 46 0
9 47 0
9 48 0
9 49 0
9 50 0
9 51 0
9 52 0
9 53 0
9 54 0
9 55 0
9 56 0
9 57 0
9 58 0
9 59 0
9 60 0
9 61 0
9 62 0
9 63 0
9 64 0
9 65 0
9 66 0
9 67 0
9 68 0
9 69 0
9 70 0
9 71 0
9 72 0
9 73 0
9 74 0
9 75 0
9 76 0
9 77 0
9 78 0
9 79 0
9 80 0
9 81 0
9 82 0
9 83 0
9 84 0
9 85 0
9 86 0
9 87 0
9 88 0
9 89 0
9 90 0
9 91 0
9 92 0
9 93 0
9 94 0
9 95 0
9 96 0
9 97 0
10 1 0
10 2 0
10 3 0
10 4 0
10 5 0
10 6 0
10 7 0
10 8 0
10 9 0
10 10 0
10 11 0
10 12 0
10 13 0
10 14 0
10 15 0
10 16 0
10 17 0
10 18 0
10 19 0
10 20 0
10 21 0
10 22 0
10 23 0
10 24 0
10 25 0
10 26 0
10 27 0
10 28 0
10 29 0
10 30 0
10 31 0
10 32 0
10 33 0
10 34 0
10 35 0
10 36 0
10 37 0
10 38 0
10 39 0
10 40 0
10 41 0
10 42 0
10 43 0
10 44 0
10 45 0
10 46 0
10 47 0
10 48 0
10 49 0
10 50 0
10 51 0
10 52 0
10 53 0
10 54 0
10 55 0
10 56 0
10 57 0
10 58 0
10 59 0
10 60 0
10 61 0
10 62 0
10 63 0
10 64 0
10 65 0
10 66 0
10 67 0
10 68 0
10 69 0
10 70 0
10 71 0
10 72 0
10 73 0
10 74 0
10 75 0
10 76 0
10 77 0
10 78 0
10 79 0
10 80 0
10 81 0
10 82 0
10 83 0
10 84 0
10 85 0
10 86 0
10 87 0
10 88 0
10 89 0
10 90 0
10 91 0
10 92 0
10 93 0
10 94 0
10 95 0
10 96 0
10 97 0
11 1 0
11 2 0
11 3 0
11 4 0
11 5 0
11 6 0
11 7 0
11 8 0
11 9 0
11 10 0
11 11 0
11 12 0
11 13 0
11 14 0
11 15 0
11 16 0
11 17 0
11 18 0
11 19 0
11 20 0
11 21 0
11 22 0
11 23 0
11 24 0
11 25 0
11 26 0
11 27 0
11 28 0
11 29 0
11 30 0
11 31 0
11 32 0
11 33 0
11 34 0
11 35 0
11 36 0
11 37 0
11 38 0
11 39 0
11 40 0
11 41 0
11 42 0
11 43 0
11 44 0
11 45 0
11 46 0
11 47 0
11 48 0
11 49 0
11 50 0
11 51 0
11 52 0
11 53 0
11 54 0
11 55 0
11 56 0
11 57 0
11 58 0
11 59 0
11 60 0
11 61 0
11 62 0
11 63 0
11 64 0
11 65 0
11 66 0
11 67 0
11 68 0
11 69 0
11 70 0
11 71 0
11 72 0
11 73 0
11 74 0
11 75 0
11 76 0
11 77 0
11 78 0
11 79 0
11 80 0
11 81 0
11 82 0
11 83 0
11 84 0
11 85 0
11 86 0
11 87 0
11 88 0
11 89 0
11 90 0
11 91 0
11 92 0
11 93 0
11 94 0
11 95 0
11 96 0
11 97 0
12 1 0
12 2 0
12 3 0
12 4 0
12 5 0
12 6 0
12 7 0
12 8 0
12 9 0
12 10 0
12 11 0
12 12 0
12 13 0
12 14 0
12 15 0
12 16 0
12 17 0
12 18 0
12 19 0
12 20 0
12 21 0
12 22 0
12 23 0
12 24 0
12 25 0
12 26 0
12 27 0
12 28 0
12 29 0
12 30 0
12 31 0
12 32 0
12 33 0
12 34 0
12 35 0
12 36 0
12 37 0
12 38 0
12 39 0
12 40 0
12 41 0
12 42 0
12 43 0
12 44 0
12 45 0
12 46 0
12 47 0
12 48 0
12 49 0
12 50 0
12 51 0
12 52 0
12 53 0
12 54 0
12 55 0
12 56 0
12 57 0
12 58 0
12 59 0
12 60 0
12 61 0
12 62 0
12 63 0
12 64 0
12 65 0
12 66 0
12 67 0
12 68 0
12 69 0
12 70 0
12 71 0
12 72 0
12 73 0
12 74 0
12 75 0
12 76 0
12 77 0
12 78 0
12 79 0
12 80 0
12 81 0
12 82 0
12 83 0
12 84 0
12 85 0
12 86 0
12 87 0
12 88 0
12 89 0
12 90 0
12 91 0
12 92 0
12 93 0
12 94 0
12 95 0
12 96 0
12 97 0
13 1 0
13 2 0
13 3 0
13 4 0
13 5 0
13 6 0
13 7 0
13 8 0
13 9 0
13 10 0
13 11 0
13 12 0
13 13 0
13 14 0
13 15 0
13 16 0
13 17 0
13 18 0
13 19 0
13 20 0
13 21 0
13 22 0
13 23 0
13 24 0
13 25 0
13 26 0
13 27 0
13 28 0
13 29 0
13 30 0
13 31 0
13 32 0
13 33 0
13 34 0
13 35 0
13 36 0
13 37 0
13 38 0
13 39 0
13 40 0
13 41 0
13 42 0
13 43 0
13 44 0
13 45 0
13 46 0
13 47 0
13 48 0
13 49 0
13 50 0
13 51 0
13 52 0
13 53 0
13 54 0
13 55 0
13 56 0
13 57 0
13 58 0
13 59 0
13 60 0
13 61 0
13 62 0
13 63 0
13 64 0
13 65 0
13 66 0
13 67 0
13 68 0
13 69 0
13 70 0
13 71 0
13 72 0
13 73 0
13 74 0
13 75 0
13 76 0
13 77 0
13 78 0
13 79 0
13 80 0
13 81 0
13 82 0
13 83 0
13 84 0
13 85 0
13 86 0
13 87 0
13 88 0
13 89 0
13 90 0
13 91 0
13 92 0
13 93 0
13 94 0
13 95 0
13 96 0
13 97 0
14 1 0
14 2 0
14 3 0
14 4 0
14 5 0
14 6 0
14 7 0
14 8 0
14 9 0
14 10 0
14 11 0
14 12 0
14 13 0
14 14 0
14 15 0
14 16 0
14 17 0
14 18 0
14 19 0
14 20 0
14 21 0
14 22 0
14 23 0
14 24 0
14 25 0
14 26 0
14 27 0
14 28 0
14 29 0
14 30 0
14 31 0
14 32 0
14 33 0
14 34 0
14 35 0
14 36 0
14 37 0
14 38 0
14 39 0
14 40 0
14 41 0
14 42 0
14 43 0
14 44 0
14 45 0
14 46 0
14 47 0
14 48 0
14 49 0
14 50 0
14 51 0
14 52 0
14 53 0
14 54 0
14 55 0
14 56 0
14 57 0
14 58 0
14 59 0
14 60 0
14 61 0
14 62 0
14 63 0
14 64 0
14 65 0
14 66 0
14 67 0
14 68 0
14 69 0
14 70 0
14 71 0
14 72 0
14 73 0
14 74 0
14 75 0
14 76 0
14 77 0
14 78 0
14 79 0
14 80 0
14 81 0
14 82 0
14 83 0
14 84 0
14 85 0
14 86 0
14 87 0
14 88 0
14 89 0
14 90 0
14 91 0
14 92 0
14 93 0
14 94 0
14 95 0
14 96 0
14 97 0
15 1 0
15 2 0
15 3 0
15 4 0
15 5 0
15 6 0
15 7 0
15 8 0
15 9 0
15 10 0
15 11 0
15 12 0
15 13 0
15 14 0
15 15 0
15 16 0
15 17 0
15 18 0
15 19 0
15 20 0
15 21 0
15 22 0
15 23 0
15 24 0
15 25 0
15 26 0
15 27 0
15 28 0
15 29 0
15 30 0
15 31 0
15 32 0
15 33 0
15 34 0
15 35 0
15 36 0
15 37 0
15 38 0
15 39 0
15 40 0
15 41 0
15 42 0
15 43 0
15 44 0
15 45 0
15 46 0
15 47 0
15 48 0
15 49 0
15 50 0
15 51 0
15 52 0
15 53 0
15 54 0
15 55 0
15 56 0
15 57 0
15 58 0
15 59 0
15 60 0
15 61 0
15 62 0
15 63 0
15 64 0
15 65 0
15 66 0
15 67 0
15 68 0
15 69 0
15 70 0
15 71 0
15 72 0
15 73 0
15 74 0
15 75 0
15 76 0
15 77 0
15 78 0
15 79 0
15 80 0
15 81 0
15 82 0
15 83 0
15 84 0
15 85 0
15 86 0
15 87 0
15 88 0
15 89 0
15 90 0
15 91 0
15 92 0
15 93 0
15 94 0
15 95 0
15 96 0
15 97 0
16 1 0
16 2 0
16 3 0
16 4 0
16 5 0
16 6 0
16 7 0
16 8 0
16 9 0
16 10 0
16 11 0
16 12 0
16 13 0
16 14 0
16 15 0
16 16 0
16 17 0
16 18 0
16 19 0
16 20 0
16 21 0
16 22 0
16 23 0
16 24 0
16 25 0
16 26 0
16 27 0
16 28 0
16 29 0
16 30 0
16 31 0
16 32 0
16 33 0
16 34 0
16 35 0
16 36 0
16 37 0
16 38 0
16 39 0
16 40 0
16 41 0
16 42 0
16 43 0
16 44 0
16 45 0
16 46 0
16 47 0
16 48 0
16 49 0
16 50 0
16 51 0
16 52 0
16 53 0
16 54 0
16 55 0
16 56 0
16 57 0
16 58 0
16 59 0
16 60 0
16 61 0
16 62 0
16 63 0
16 64 0
16 65 0
16 66 0
16 67 0
16 68 0
16 69 0
16 70 0
16 71 0
16 72 0
16 73 0
16 74 0
16 75 0
16 76 0
16 77 0
16 78 0
16 79 0
16 80 0
16 81 0
16 82 0
16 83 0
16 84 0
16 85 0
16 86 0
16 87 0
16 88 0
16 89 0
16 90 0
16 91 0
16 92 0
16 93 0
16 94 0
16 95 0
16 96 0
16 97 0
17 1 0
17 2 0
17 3 0
17 4 0
17 5 0
17 6 0
17 7 0
17 8 0
17 9 0
17 10 0
17 11 0
17 12 0
17 13 0
17 14 0
17 15 0
17 16 0
17 17 0
17 18 0
17 19 0
17 20 0
17 21 0
17 22 0
17 23 0
17 24 0
17 25 0
17 26 0
17 27 0
17 28 0
17 29 0
17 30 0
17 31 0
17 32 0
17 33 0
17 34 0
17 35 0
17 36 0
17 37 0
17 38 0
17 39 0
17 40 0
17 41 0
17 42 0
17 43 0
17 44 0
17 45 0
17 46 0
17 47 0
17 48 0
17 49 0
17 50 0
17 51 0
17 52 0
17 53 0
17 54 0
17 55 0
17 56 0
17 57 0
17 58 0
17 59 0
17 60 0
17 61 0
17 62 0
17 63 0
17 64 0
17 65 0
17 66 0
17 67 0
17 68 0
17 69 0
17 70 0
17 71 0
17 72 0
17 73 0
17 74 0
17 75 0
17 76 0
17 77 0
17 78 0
17 79 0
17 80 0
17 81 0
17 82 0
17 83 0
17 84 0
17 85 0
17 86 0
17 87 0
17 88 0
17 89 0
17 90 0
17 91 0
17 92 0
17 93 0
17 94 0
17 95 0
17 96 0
17 97 0
18 1 0
18 2 0
18 3 0
18 4 0
18 5 0
18 6 0
18 7 0
18 8 0
18 9 0
18 10 0
18 11 0
18 12 0
18 13 0
18 14 0
18 15 0
18 16 0
18 17 0
18 18 0
18 19 0
18 20 0
18 21 0
18 22 0
18 23 0
18 24 0
18 25 0
18 26 0
18 27 0
18 28 0
18 29 0
18 30 0
18 31 0
18 32 0
18 33 0
18 34 0
18 35 0
18 36 0
18 37 0
18 38 0
18 39 0
18 40 0
18 41 0
18 42 0
18 43 0
18 44 0
18 45 0
18 46 0
18 47 0
18 48 0
18 49 0
18 50 0
18 51 0
18 52 0
18 53 0
18 54 0
18 55 0
18 56 0
18 57 0
18 58 0
18 59 0
18 60 0
18 61 0
18 62 0
18 63 0
18 64 0
18 65 0
18 66 0
18 67 0
18 68 0
18 69 0
18 70 0
18 71 0
18 72 0
18 73 0
18 74 0
18 75 0
18 76 0
18 77 0
18 78 0
18 79 0
18 80 0
18 81 0
18 82 0
18 83 0
18 84 0
18 85 0
18 86 0
18 87 0
18 88 0
18 89 0
18 90 0
18 91 0
18 92 0
18 93 0
18 94 0
18 95 0
18 96 0
18 97 0
19 1 0
19 2 0
19 3 0
19 4 0
19 5 0
19 6 0
19 7 0
19 8 0
19 9 0
19 10 0
19 11 0
19 12 0
19 13 0
19 14 0
19 15 0
19 16 0
19 17 0
19 18 0
19 19 12
19 20 2
19 21 2
19 22 19
19 23 14
19 24 0
19 25 0
19 26 0
19 27 0
19 28 0
19 29 0
19 30 3
19 31 1
19 32 3
19 33 1
19 34 3
19 35 1
19 36 1
19 37 0
19 38 4
19 39 3
19 40 12
19 41 12
19 42 9
19 43 9
19 44 5
19 45 3
19 46 2
19 47 5
19 48 4
19 49 4
19 50 0
19 51 3
19 52 3
19 53 2
19 54 3
19 55 2
19 56 4
19 57 1
19 58 1
19 59 1
19 60 0
19 61 1
19 62 1
19 63 2
19 64 7
19 65 4
19 66 0
19 67 3
19 68 0
19 69 0
19 70 0
19 71 0
19 72 0
19 73 1
19 74 0
19 75 1
19 76 0
19 77 1
19 78 1
19 79 0
19 80 2
19 81 1
19 82 1
19 83 9
19 84 9
19 85 3
19 86 3
19 87 0
19 88 0
19 89 1
19 90 0
19 91 1
19 92 1
19 93 0
19 94 1
19 95 0
19 96 0
19 97 0
20 1 0
20 2 0
20 3 0
20 4 0
20 5 0
20 6 0
20 7 0
20 8 0
20 9 0
20 10 0
20 11 0
20 12 0
20 13 0
20 14 0
20 15 0
20 16 0
20 17 0
20 18 0
20 19 2
20 20 650
20 21 7
20 22 41
20 23 63
20 24 0
20 25 0
20 26 0
20 27 0
20 28 0
20 29 3
20 30 4
20 31 2
20 32 4
20 33 6
20 34 6
20 35 5
20 36 8
20 37 6
20 38 8
20 39 12
20 40 18
20 41 18
20 42 16
20 43 16
20 44 11
20 45 7
20 46 9
20 47 8
20 48 15
20 49 6
20 50 8
20 51 5
20 52 2
20 53 3
20 54 4
20 55 10
20 56 9
20 57 6
20 58 3
20 59 4
20 60 4
20 61 2
20 62 11
20 63 8
20 64 10
20 65 10
20 66 9
20 67 16
20 68 6
20 69 8
20 70 4
20 71 10
20 72 9
20 73 5
20 74 4
20 75 5
20 76 6
20 77 6
20 78 6
20 79 8
20 80 10
20 81 6
20 82 17
20 83 14
20 84 21
20 85 33
20 86 18
20 87 12
20 88 13
20 89 7
20 90 4
20 91 8
20 92 6
20 93 6
20 94 4
20 95 2
20 96 3
20 97 7
21 1 0
21 2 0
21 3 0
21 4 0
21 5 0
21 6 0
21 7 0
21 8 0
21 9 0
21 10 0
21 11 0
21 12 0
21 13 0
21 14 0
21 15 0
21 16 0
21 17 0
21 18 0
21 19 2
21 20 7
21 21 76
21 22 85
21 23 28
21 24 0
21 25 0
21 26 0
21 27 0
21 28 0
21 29 1
21 30 5
21 31 6
21 32 15
21 33 4
21 34 12
21 35 9
21 36 13
21 37 7
21 38 12
21 39 14
21 40 35
21 41 36
21 42 34
21 43 29
21 44 45
21 45 22
21 46 8
21 47 14
21 48 14
21 49 17
21 50 16
21 51 9
21 52 6
21 53 7
21 54 6
21 55 2
21 56 5
21 57 2
21 58 4
21 59 3
21 60 2
21 61 3
21 62 2
21 63 13
21 64 21
21 65 19
21 66 9
21 67 4
21 68 7
21 69 2
21 70 1
21 71 2
21 72 2
21 73 1
21 74 1
21 75 0
21 76 2
21 77 2
21 78 3
21 79 3
21 80 2
21 81 4
21 82 3
21 83 15
21 84 24
21 85 16
21 86 8
21 87 4
21 88 4
21 89 2
21 90 4
21 91 1
21 92 3
21 93 0
21 94 0
21 95 1
21 96 1
21 97 0
22 1 0
22 2 0
22 3 0
22 4 0
22 5 0
22 6 0
22 7 0
22 8 0
22 9 0
22 10 0
22 11 0
22 12 0
22 13 0
22 14 0
22 15 0
22 16 0
22 17 0
22 18 0
22 19 19
22 20 41
22 21 85
22 22 1956
22 23 542
22 24 0
22 25 0
22 26 0
22 27 0
22 28 0
22 29 24
22 30 55
22 31 49
22 32 93
22 33 71
22 34 63
22 35 60
22 36 53
22 37 49
22 38 81
22 39 148
22 40 238
22 41 264
22 42 271
22 43 231
22 44 193
22 45 128
22 46 61
22 47 65
22 48 106
22 49 117
22 50 93
22 51 66
22 52 49
22 53 52
22 54 30
22 55 33
22 56 53
22 57 24
22 58 20
22 59 20
22 60 28
22 61 18
22 62 44
22 63 70
22 64 130
22 65 136
22 66 100
22 67 50
22 68 45
22 69 35
22 70 19
22 71 20
22 72 22
22 73 13
22 74 9
22 75 16
22 76 15
22 77 12
22 78 26
22 79 49
22 80 36
22 81 22
22 82 61
22 83 183
22 84 234
22 85 227
22 86 79
22 87 35
22 88 36
22 89 18
22 90 7
22 91 6
22 92 16
22 93 14
22 94 5
22 95 3
22 96 7
22 97 4
23 1 0
23 2 0
23 3 0
23 4 0
23 5 0
23 6 0
23 7 0
23 8 0
23 9 0
23 10 0
23 11 0
23 12 0
23 13 0
23 14 0
23 15 0
23 16 0
23 17 0
23 18 0
23 19 14
23 20 63
23 21 28
23 22 542
23 23 2301
23 24 0
23 25 0
23 26 0
23 27 0
23 28 0
23 29 19
23 30 56
23 31 31
23 32 95
23 33 66
23 34 70
23 35 48
23 36 54
23 37 77
23 38 69
23 39 148
23 40 237
23 41 258
23 42 268
23 43 250
23 44 226
23 45 146
23 46 66
23 47 97
23 48 111
23 49 121
23 50 136
23 51 77
23 52 56
23 53 60
23 54 63
23 55 38
23 56 47
23 57 29
23 58 20
23 59 15
23 60 30
23 61 26
23 62 31
23 63 75
23 64 139
23 65 126
23 66 68
23 67 51
23 68 21
23 69 27
23 70 20
23 71 15
23 72 19
23 73 13
23 74 8
23 75 12
23 76 8
23 77 12
23 78 19
23 79 37
23 80 31
23 81 31
23 82 58
23 83 120
23 84 210
23 85 204
23 86 61
23 87 32
23 88 29
23 89 13
23 90 10
23 91 7
23 92 7
23 93 14
23 94 5
23 95 5
23 96 12
23 97 4
24 1 0
24 2 0
24 3 0
24 4 0
24 5 0
24 6 0
24 7 0
24 8 0
24 9 0
24 10 0
24 11 0
24 12 0
24 13 0
24 14 0
24 15 0
24 16 0
24 17 0
24 18 0
24 19 0
24 20 0
24 21 0
24 22 0
24 23 0
24 24 0
24 25 0
24 26 0
24 27 0
24 28 0
24 29 0
24 30 0
24 31 0
24 32 0
24 33 0
24 34 0
24 35 0
24 36 0
24 37 0
24 38 0
24 39 0
24 40 0
24 41 0
24 42 0
24 43 0
24 44 0
24 45 0
24 46 0
24 47 0
24 48 0
24 49 0
24 50 0
24 51 0
24 52 0
24 53 0
24 54 0
24 55 0
24 56 0
24 57 0
24 58 0
24 59 0
24 60 0
24 61 0
24 62 0
24 63 0
24 64 0
24 65 0
24 66 0
24 67 0
24 68 0
24 69 0
24 70 0
24 71 0
24 72 0
24 73 0
24 74 0
24 75 0
24 76 0
24 77 0
24 78 0
24 79 0
24 80 0
24 81 0
24 82 0
24 83 0
24 84 0
24 85 0
24 86 0
24 87 0
24 88 0
24 89 0
24 90 0
24 91 0
24 92 0
24 93 0
24 94 0
24 95 0
24 96 0
24 97 0
25 1 0
25 2 0
25 3 0
25 4 0
25 5 0
25 6 0
25 7 0
25 8 0
25 9 0
25 10 0
25 11 0
25 12 0
25 13 0
25 14 0
25 15 0
25 16 0
25 17 0
25 18 0
25 19 0
25 20 0
25 21 0
25 22 0
25 23 0
25 24 0
25 25 0
25 26 0
25 27 0
25 28 0
25 29 0
25 30 0
25 31 0
25 32 0
25 33 0
25 34 0
25 35 0
25 36 0
25 37 0
25 38 0
25 39 0
25 40 0
25 41 0
25 42 0
25 43 0
25 44 0
25 45 0
25 46 0
25 47 0
25 48 0
25 49 0
25 50 0
25 51 0
25 52 0
25 53 0
25 54 0
25 55 0
25 56 0
25 57 0
25 58 0
25 59 0
25 60 0
25 61 0
25 62 0
25 63 0
25 64 0
25 65 0
25 66 0
25 67 0
25 68 0
25 69 0
25 70 0
25 71 0
25 72 0
25 73 0
25 74 0
25 75 0
25 76 0
25 77 0
25 78 0
25 79 0
25 80 0
25 81 0
25 82 0
25 83 0
25 84 0
25 85 0
25 86 0
25 87 0
25 88 0
25 89 0
25 90 0
25 91 0
25 92 0
25 93 0
25 94 0
25 95 0
25 96 0
25 97 0
26 1 0
26 2 0
26 3 0
26 4 0
26 5 0
26 6 0
26 7 0
26 8 0
26 9 0
26 10 0
26 11 0
26 12 0
26 13 0
26 14 0
26 15 0
26 16 0
26 17 0
26 18 0
26 19 0
26 20 0
26 21 0
26 22 0
26 23 0
26 24 0
26 25 0
26 26 0
26 27 0
26 28 0
26 29 0
26 30 0
26 31 0
26 32 0
26 33 0
26 34 0
26 35 0
26 36 0
26 37 0
26 38 0
26 39 0
26 40 0
26 41 0
26 42 0
26 43 0
26 44 0
26 45 0
26 46 0
26 47 0
26 48 0
26 49 0
26 50 0
26 51 0
26 52 0
26 53 0
26 54 0
26 55 0
26 56 0
26 57 0
26 58 0
26 59 0
26 60 0
26 61 0
26 62 0
26 63 0
26 64 0
26 65 0
26 66 0
26 67 0
26 68 0
26 69 0
26 70 0
26 71 0
26 72 0
26 73 0
26 74 0
26 75 0
26 76 0
26 77 0
26 78 0
26 79 0
26 80 0
26 81 0
26 82 0
26 83 0
26 84 0
26 85 0
26 86 0
26 87 0
26 88 0
26 89 0
26 90 0
26 91 0
26 92 0
26 93 0
26 94 0
26 95 0
26 96 0
26 97 0
27 1 0
27 2 0
27 3 0
27 4 0
27 5 0
27 6 0
27 7 0
27 8 0
27 9 0
27 10 0
27 11 0
27 12 0
27 13 0
27 14 0
27 15 0
27 16 0
27 17 0
27 18 0
27 19 0
27 20 0
27 21 0
27 22 0
27 23 0
27 24 0
27 25 0
27 26 0
27 27 0
27 28 0
27 29 0
27 30 0
27 31 0
27 32 0
27 33 0
27 34 0
27 35 0
27 36 0
27 37 0
27 38 0
27 39 0
27 40 0
27 41 0
27 42 0
27 43 0
27 44 0
27 45 0
27 46 0
27 47 0
27 48 0
27 49 0
27 50 0
27 51 0
27 52 0
27 53 0
27 54 0
27 55 0
27 56 0
27 57 0
27 58 0
27 59 0
27 60 0
27 61 0
27 62 0
27 63 0
27 64 0
27 65 0
27 66 0
27 67 0
27 68 0
27 69 0
27 70 0
27 71 0
27 72 0
27 73 0
27 74 0
27 75 0
27 76 0
27 77 0
27 78 0
27 79 0
27 80 0
27 81 0
27 82 0
27 83 0
27 84 0
27 85 0
27 86 0
27 87 0
27 88 0
27 89 0
27 90 0
27 91 0
27 92 0
27 93 0
27 94 0
27 95 0
27 96 0
27 97 0
28 1 0
28 2 0
28 3 0
28 4 0
28 5 0
28 6 0
28 7 0
28 8 0
28 9 0
28 10 0
28 11 0
28 12 0
28 13 0
28 14 0
28 15 0
28 16 0
28 17 0
28 18 0
28 19 0
28 20 0
28 21 0
28 22 0
28 23 0
28 24 0
28 25 0
28 26 0
28 27 0
28 28 0
28 29 0
28 30 0
28 31 0
28 32 0
28 33 0
28 34 0
28 35 0
28 36 0
28 37 0
28 38 0
28 39 0
28 40 0
28 41 0
28 42 0
28 43 0
28 44 0
28 45 0
28 46 0
28 47 0
28 48 0
28 49 0
28 50 0
28 51 0
28 52 0
28 53 0
28 54 0
28 55 0
28 56 0
28 57 0
28 58 0
28 59 0
28 60 0
28 61 0
28 62 0
28 63 0
28 64 0
28 65 0
28 66 0
28 67 0
28 68 0
28 69 0
28 70 0
28 71 0
28 72 0
28 73 0
28 74 0
28 75 0
28 76 0
28 77 0
28 78 0
28 79 0
28 80 0
28 81 0
28 82 0
28 83 0
28 84 0
28 85 0
28 86 0
28 87 0
28 88 0
28 89 0
28 90 0
28 91 0
28 92 0
28 93 0
28 94 0
28 95 0
28 96 0
28 97 0
29 1 0
29 2 0
29 3 0
29 4 0
29 5 0
29 6 0
29 7 0
29 8 0
29 9 0
29 10 0
29 11 0
29 12 0
29 13 0
29 14 0
29 15 0
29 16 0
29 17 0
29 18 0
29 19 0
29 20 3
29 21 1
29 22 24
29 23 19
29 24 0
29 25 0
29 26 0
29 27 0
29 28 0
29 29 90
29 30 41
29 31 49
29 32 78
29 33 31
29 34 35
29 35 22
29 36 18
29 37 23
29 38 30
29 39 52
29 40 70
29 41 60
29 42 66
29 43 63
29 44 43
29 45 35
29 46 20
29 47 17
29 48 30
29 49 27
29 50 20
29 51 16
29 52 20
29 53 11
29 54 10
29 55 12
29 56 8
29 57 9
29 58 5
29 59 5
29 60 4
29 61 7
29 62 11
29 63 16
29 64 43
29 65 41
29 66 20
29 67 14
29 68 3
29 69 3
29 70 6
29 71 1
29 72 3
29 73 1
29 74 0
29 75 2
29 76 3
29 77 4
29 78 5
29 79 7
29 80 14
29 81 3
29 82 12
29 83 38
29 84 47
29 85 47
29 86 10
29 87 7
29 88 8
29 89 6
29 90 2
29 91 3
29 92 2
29 93 3
29 94 1
29 95 0
29 96 3
29 97 2
30 1 0
30 2 0
30 3 0
30 4 0
30 5 0
30 6 0
30 7 0
30 8 0
30 9 0
30 10 0
30 11 0
30 12 0
30 13 0
30 14 0
30 15 0
30 16 0
30 17 0
30 18 0
30 19 3
30 20 4
30 21 5
30 22 55
30 23 56
30 24 0
30 25 0
30 26 0
30 27 0
30 28 0
30 29 41
30 30 427
30 31 220
30 32 553
30 33 203
30 34 271
30 35 172
30 36 153
30 37 170
30 38 208
30 39 307
30 40 384
30 41 366
30 42 311
30 43 250
30 44 238
30 45 186
30 46 83
30 47 107
30 48 129
30 49 174
30 50 151
30 51 105
30 52 71
30 53 84
30 54 58
30 55 29
30 56 66
30 57 34
30 58 18
30 59 26
30 60 22
30 61 23
30 62 57
30 63 125
30 64 209
30 65 161
30 66 89
30 67 48
30 68 38
30 69 26
30 70 17
30 71 12
30 72 10
30 73 6
30 74 7
30 75 8
30 76 8
30 77 12
30 78 16
30 79 26
30 80 33
30 81 20
30 82 54
30 83 130
30 84 188
30 85 172
30 86 53
30 87 19
30 88 19
30 89 16
30 90 5
30 91 3
30 92 11
30 93 12
30 94 6
30 95 3
30 96 4
30 97 4
31 1 0
31 2 0
31 3 0
31 4 0
31 5 0
31 6 0
31 7 0
31 8 0
31 9 0
31 10 0
31 11 0
31 12 0
31 13 0
31 14 0
31 15 0
31 16 0
31 17 0
31 18 0
31 19 1
31 20 2
31 21 6
31 22 49
31 23 31
31 24 0
31 25 0
31 26 0
31 27 0
31 28 0
31 29 49
31 30 220
31 31 3884
31 32 3351
31 33 956
31 34 1057
31 35 926
31 36 596
31 37 584
31 38 815
31 39 863
31 40 446
31 41 341
31 42 288
31 43 259
31 44 250
31 45 264
31 46 245
31 47 195
31 48 153
31 49 183
31 50 149
31 51 191
31 52 202
31 53 199
31 54 208
31 55 179
31 56 227
31 57 129
31 58 87
31 59 57
31 60 70
31 61 118
31 62 224
31 63 288
31 64 264
31 65 292
31 66 317
31 67 202
31 68 130
31 69 108
31 70 67
31 71 53
31 72 49
31 73 25
31 74 31
31 75 33
31 76 33
31 77 32
31 78 88
31 79 113
31 80 144
31 81 127
31 82 226
31 83 301
31 84 244
31 85 297
31 86 196
31 87 105
31 88 85
31 89 55
31 90 13
31 91 23
31 92 37
31 93 37
31 94 9
31 95 12
31 96 30
31 97 11
32 1 0
32 2 0
32 3 0
32 4 0
32 5 0
32 6 0
32 7 0
32 8 0
32 9 0
32 10 0
32 11 0
32 12 0
32 13 0
32 14 0
32 15 0
32 16 0
32 17 0
32 18 0
32 19 3
32 20 4
32 21 15
32 22 93
32 23 95
32 24 0
32 25 0
32 26 0
32 27 0
32 28 0
32 29 78
32 30 553
32 31 3351
32 32 31803
32 33 18254
32 34 22575
32 35 7361
32 36 4204
32 37 3952
32 38 4249
32 39 3418
32 40 1833
32 41 1346
32 42 1119
32 43 1004
32 44 1043
32 45 1098
32 46 849
32 47 907
32 48 797
32 49 830
32 50 754
32 51 863
32 52 806
32 53 1040
32 54 856
32 55 610
32 56 1035
32 57 421
32 58 257
32 59 167
32 60 301
32 61 306
32 62 545
32 63 1104
32 64 1097
32 65 1066
32 66 862
32 67 587
32 68 373
32 69 353
32 70 188
32 71 120
32 72 151
32 73 65
32 74 59
32 75 88
32 76 76
32 77 94
32 78 214
32 79 465
32 80 476
32 81 222
32 82 712
32 83 855
32 84 803
32 85 892
32 86 488
32 87 199
32 88 243
32 89 137
32 90 31
32 91 38
32 92 85
32 93 84
32 94 35
32 95 31
32 96 34
32 97 39
33 1 0
33 2 0
33 3 0
33 4 0
33 5 0
33 6 0
33 7 0
33 8 0
33 9 0
33 10 0
33 11 0
33 12 0
33 13 0
33 14 0
33 15 0
33 16 0
33 17 0
33 18 0
33 19 1
33 20 6
33 21 4
33 22 71
33 23 66
33 24 0
33 25 0
33 26 0
33 27 0
33 28 0
33 29 31
33 30 203
33 31 956
33 32 18254
33 33 50891
33 34 28842
33 35 8044
33 36 3662
33 37 2887
33 38 3220
33 39 2281
33 40 1044
33 41 742
33 42 644
33 43 558
33 44 582
33 45 735
33 46 969
33 47 695
33 48 483
33 49 461
33 50 441
33 51 659
33 52 774
33 53 739
33 54 968
33 55 839
33 56 831
33 57 638
33 58 535
33 59 356
33 60 559
33 61 629
33 62 988
33 63 853
33 64 612
33 65 638
33 66 785
33 67 752
33 68 547
33 69 367
33 70 386
33 71 246
33 72 204
33 73 137
33 74 143
33 75 121
33 76 159
33 77 203
33 78 416
33 79 520
33 80 552
33 81 621
33 82 910
33 83 614
33 84 488
33 85 547
33 86 550
33 87 416
33 88 271
33 89 201
33 90 102
33 91 123
33 92 120
33 93 134
33 94 67
33 95 71
33 96 85
33 97 40
34 1 0
34 2 0
34 3 0
34 4 0
34 5 0
34 6 0
34 7 0
34 8 0
34 9 0
34 10 0
34 11 0
34 12 0
34 13 0
34 14 0
34 15 0
34 16 0
34 17 0
34 18 0
34 19 3
34 20 6
34 21 12
34 22 63
34 23 70
34 24 0
34 25 0
34 26 0
34 27 0
34 28 0
34 29 35
34 30 271
34 31 1057
34 32 22575
34 33 28842
34 34 45107
34 35 14192
34 36 5730
34 37 4663
34 38 4507
34 39 2948
34 40 1251
34 41 912
34 42 781
34 43 660
34 44 717
34 45 751
34 46 820
34 47 790
34 48 543
34 49 518
34 50 558
34 51 740
34 52 737
34 53 908
34 54 900
34 55 611
34 56 992
34 57 440
34 58 214
34 59 153
34 60 247
34 61 298
34 62 564
34 63 1030
34 64 777
34 65 827
34 66 865
34 67 634
34 68 349
34 69 379
34 70 202
34 71 129
34 72 152
34 73 92
34 74 89
34 75 116
34 76 86
34 77 101
34 78 214
34 79 486
34 80 511
34 81 331
34 82 676
34 83 773
34 84 666
34 85 692
34 86 495
34 87 228
34 88 278
34 89 159
34 90 40
34 91 45
34 92 92
34 93 91
34 94 20
34 95 33
34 96 45
34 97 33
35 1 0
35 2 0
35 3 0
35 4 0
35 5 0
35 6 0
35 7 0
35 8 0
35 9 0
35 10 0
35 11 0
35 12 0
35 13 0
35 14 0
35 15 0
35 16 0
35 17 0
35 18 0
35 19 1
35 20 5
35 21 9
35 22 60
35 23 48
35 24 0
35 25 0
35 26 0
35 27 0
35 28 0
35 29 22
35 30 172
35 31 926
35 32 7361
35 33 8044
35 34 14192
35 35 48913
35 36 28397
35 37 13272
35 38 8086
35 39 3205
35 40 1046
35 41 758
35 42 659
35 43 617
35 44 611
35 45 773
35 46 1164
35 47 773
35 48 432
35 49 460
35 50 462
35 51 680
35 52 822
35 53 730
35 54 1074
35 55 997
35 56 886
35 57 714
35 58 532
35 59 344
35 60 634
35 61 797
35 62 1016
35 63 877
35 64 554
35 65 569
35 66 789
35 67 707
35 68 502
35 69 374
35 70 376
35 71 212
35 72 189
35 73 148
35 74 154
35 75 133
35 76 165
35 77 240
35 78 482
35 79 507
35 80 515
35 81 483
35 82 890
35 83 486
35 84 442
35 85 490
35 86 489
35 87 409
35 88 286
35 89 192
35 90 87
35 91 117
35 92 100
35 93 142
35 94 73
35 95 77
35 96 86
35 97 46
36 1 0
36 2 0
36 3 0
36 4 0
36 5 0
36 6 0
36 7 0
36 8 0
36 9 0
36 10 0
36 11 0
36 12 0
36 13 0
36 14 0
36 15 0
36 16 0
36 17 0
36 18 0
36 19 1
36 20 8
36 21 13
36 22 53
36 23 54
36 24 0
36 25 0
36 26 0
36 27 0
36 28 0
36 29 18
36 30 153
36 31 596
36 32 4204
36 33 3662
36 34 5730
36 35 28397
36 36 42594
36 37 25764
36 38 9435
36 39 3038
36 40 1127
36 41 835
36 42 778
36 43 649
36 44 642
36 45 739
36 46 1026
36 47 759
36 48 428
36 49 485
36 50 481
36 51 665
36 52 792
36 53 826
36 54 930
36 55 762
36 56 949
36 57 619
36 58 457
36 59 291
36 60 441
36 61 532
36 62 789
36 63 879
36 64 554
36 65 580
36 66 660
36 67 611
36 68 452
36 69 348
36 70 291
36 71 175
36 72 143
36 73 141
36 74 118
36 75 142
36 76 145
36 77 146
36 78 309
36 79 452
36 80 471
36 81 368
36 82 684
36 83 518
36 84 430
36 85 462
36 86 403
36 87 290
36 88 227
36 89 143
36 90 69
36 91 73
36 92 78
36 93 83
36 94 44
36 95 50
36 96 61
36 97 39
37 1 0
37 2 0
37 3 0
37 4 0
37 5 0
37 6 0
37 7 0
37 8 0
37 9 0
37 10 0
37 11 0
37 12 0
37 13 0
37 14 0
37 15 0
37 16 0
37 17 0
37 18 0
37 19 0
37 20 6
37 21 7
37 22 49
37 23 77
37 24 0
37 25 0
37 26 0
37 27 0
37 28 0
37 29 23
37 30 170
37 31 584
37 32 3952
37 33 2887
37 34 4663
37 35 13272
37 36 25764
37 37 39962
37 38 13429
37 39 3559
37 40 1396
37 41 1021
37 42 856
37 43 811
37 44 765
37 45 811
37 46 928
37 47 788
37 48 587
37 49 541
37 50 524
37 51 664
37 52 768
37 53 903
37 54 827
37 55 683
37 56 939
37 57 492
37 58 309
37 59 214
37 60 329
37 61 341
37 62 607
37 63 990
37 64 682
37 65 701
37 66 687
37 67 591
37 68 389
37 69 331
37 70 216
37 71 168
37 72 128
37 73 94
37 74 97
37 75 111
37 76 100
37 77 110
37 78 258
37 79 424
37 80 474
37 81 297
37 82 610
37 83 551
37 84 529
37 85 513
37 86 364
37 87 249
37 88 203
37 89 139
37 90 35
37 91 56
37 92 75
37 93 72
37 94 39
37 95 41
37 96 52
37 97 24
38 1 0
38 2 0
38 3 0
38 4 0
38 5 0
38 6 0
38 7 0
38 8 0
38 9 0
38 10 0
38 11 0
38 12 0
38 13 0
38 14 0
38 15 0
38 16 0
38 17 0
38 18 0
38 19 4
38 20 8
38 21 12
38 22 81
38 23 69
38 24 0
38 25 0
38 26 0
38 27 0
38 28 0
38 29 30
38 30 208
38 31 815
38 32 4249
38 33 3220
38 34 4507
38 35 8086
38 36 9435
38 37 13429
38 38 38872
38 39 12258
38 40 2607
38 41 1609
38 42 1191
38 43 1100
38 44 1094
38 45 1176
38 46 1213
38 47 1026
38 48 687
38 49 774
38 50 677
38 51 863
38 52 904
38 53 1052
38 54 1201
38 55 981
38 56 1190
38 57 576
38 58 375
38 59 250
38 60 417
38 61 515
38 62 907
38 63 1242
38 64 1018
38 65 959
38 66 1056
38 67 833
38 68 530
38 69 463
38 70 320
38 71 169
38 72 170
38 73 115
38 74 104
38 75 125
38 76 129
38 77 143
38 78 335
38 79 573
38 80 654
38 81 446
38 82 943
38 83 918
38 84 750
38 85 809
38 86 650
38 87 367
38 88 267
38 89 198
38 90 63
38 91 62
38 92 146
38 93 111
38 94 47
38 95 46
38 96 65
38 97 40
39 1 0
39 2 0
39 3 0
39 4 0
39 5 0
39 6 0
39 7 0
39 8 0
39 9 0
39 10 0
39 11 0
39 12 0
39 13 0
39 14 0
39 15 0
39 16 0
39 17 0
39 18 0
39 19 3
39 20 12
39 21 14
39 22 148
39 23 148
39 24 0
39 25 0
39 26 0
39 27 0
39 28 0
39 29 52
39 30 307
39 31 863
39 32 3418
39 33 2281
39 34 2948
39 35 3205
39 36 3038
39 37 3559
39 38 12258
39 39 38110
39 40 9235
39 41 4263
39 42 3204
39 43 2694
39 44 2516
39 45 2522
39 46 1662
39 47 1681
39 48 1467
39 49 1576
39 50 1360
39 51 1411
39 52 1282
39 53 1453
39 54 1386
39 55 1001
39 56 1409
39 57 648
39 58 335
39 59 256
39 60 408
39 61 471
39 62 966
39 63 1589
39 64 1529
39 65 1586
39 66 1313
39 67 948
39 68 567
39 69 488
39 70 288
39 71 185
39 72 175
39 73 116
39 74 119
39 75 139
39 76 145
39 77 139
39 78 301
39 79 583
39 80 635
39 81 393
39 82 1005
39 83 1390
39 84 1195
39 85 1170
39 86 733
39 87 383
39 88 303
39 89 196
39 90 60
39 91 67
39 92 114
39 93 110
39 94 51
39 95 54
39 96 72
39 97 52
40 1 0
40 2 0
40 3 0
40 4 0
40 5 0
40 6 0
40 7 0
40 8 0
40 9 0
40 10 0
40 11 0
40 12 0
40 13 0
40 14 0
40 15 0
40 16 0
40 17 0
40 18 0
40 19 12
40 20 18
40 21 35
40 22 238
40 23 237
40 24 0
40 25 0
40 26 0
40 27 0
40 28 0
40 29 70
40 30 384
40 31 446
40 32 1833
40 33 1044
40 34 1251
40 35 1046
40 36 1127
40 37 1396
40 38 2607
40 39 9235
40 40 25259
40 41 12697
40 42 7838
40 43 6408
40 44 5908
40 45 4891
40 46 1909
40 47 2460
40 48 3090
40 49 3471
40 50 2732
40 51 2106
40 52 1514
40 53 1413
40 54 1046
40 55 576
40 56 899
40 57 451
40 58 276
40 59 238
40 60 320
40 61 311
40 62 531
40 63 1343
40 64 2265
40 65 1981
40 66 931
40 67 438
40 68 272
40 69 241
40 70 146
40 71 119
40 72 119
40 73 72
40 74 61
40 75 86
40 76 81
40 77 70
40 78 161
40 79 276
40 80 345
40 81 173
40 82 470
40 83 1113
40 84 1574
40 85 1351
40 86 398
40 87 123
40 88 127
40 89 102
40 90 30
40 91 40
40 92 63
40 93 56
40 94 14
40 95 22
40 96 28
40 97 28
41 1 0
41 2 0
41 3 0
41 4 0
41 5 0
41 6 0
41 7 0
41 8 0
41 9 0
41 10 0
41 11 0
41 12 0
41 13 0
41 14 0
41 15 0
41 16 0
41 17 0
41 18 0
41 19 12
41 20 18
41 21 36
41 22 264
41 23 258
41 24 0
41 25 0
41 26 0
41 27 0
41 28 0
41 29 60
41 30 366
41 31 341
41 32 1346
41 33 742
41 34 912
41 35 758
41 36 835
41 37 1021
41 38 1609
41 39 4263
41 40 12697
41 41 24779
41 42 12845
41 43 7699
41 44 6419
41 45 4467
41 46 1651
41 47 2223
41 48 2924
41 49 3285
41 50 2641
41 51 1843
41 52 1297
41 53 1223
41 54 911
41 55 561
41 56 836
41 57 423
41 58 299
41 59 226
41 60 337
41 61 308
41 62 565
41 63 1286
41 64 2245
41 65 1958
41 66 757
41 67 430
41 68 221
41 69 234
41 70 124
41 71 93
41 72 124
41 73 56
41 74 70
41 75 70
41 76 59
41 77 83
41 78 187
41 79 274
41 80 286
41 81 185
41 82 468
41 83 1089
41 84 1559
41 85 1315
41 86 398
41 87 152
41 88 124
41 89 86
41 90 21
41 91 33
41 92 59
41 93 52
41 94 14
41 95 30
41 96 33
41 97 21
42 1 0
42 2 0
42 3 0
42 4 0
42 5 0
42 6 0
42 7 0
42 8 0
42 9 0
42 10 0
42 11 0
42 12 0
42 13 0
42 14 0
42 15 0
42 16 0
42 17 0
42 18 0
42 19 9
42 20 16
42 21 34
42 22 271
42 23 268
42 24 0
42 25 0
42 26 0
42 27 0
42 28 0
42 29 66
42 30 311
42 31 288
42 32 1119
42 33 644
42 34 781
42 35 659
42 36 778
42 37 856
42 38 1191
42 39 3204
42 40 7838
42 41 12845
42 42 24318
42 43 12661
42 44 8086
42 45 5120
42 46 1955
42 47 2587
42 48 3317
42 49 3544
42 50 2887
42 51 2054
42 52 1409
42 53 1249
42 54 939
42 55 508
42 56 812
42 57 463
42 58 314
42 59 238
42 60 306
42 61 322
42 62 526
42 63 1245
42 64 2310
42 65 1881
42 66 813
42 67 408
42 68 242
42 69 202
42 70 109
42 71 106
42 72 118
42 73 52
42 74 94
42 75 81
42 76 78
42 77 92
42 78 155
42 79 258
42 80 254
42 81 177
42 82 436
42 83 997
42 84 1569
42 85 1222
42 86 331
42 87 145
42 88 139
42 89 93
42 90 25
42 91 23
42 92 57
42 93 61
42 94 21
42 95 28
42 96 33
42 97 28
43 1 0
43 2 0
43 3 0
43 4 0
43 5 0
43 6 0
43 7 0
43 8 0
43 9 0
43 10 0
43 11 0
43 12 0
43 13 0
43 14 0
43 15 0
43 16 0
43 17 0
43 18 0
43 19 9
43 20 16
43 21 29
43 22 231
43 23 250
43 24 0
43 25 0
43 26 0
43 27 0
43 28 0
43 29 63
43 30 250
43 31 259
43 32 1004
43 33 558
43 34 660
43 35 617
43 36 649
43 37 811
43 38 1100
43 39 2694
43 40 6408
43 41 7699
43 42 12661
43 43 23968
43 44 12672
43 45 6393
43 46 2268
43 47 3064
43 48 3974
43 49 4048
43 50 3178
43 51 2218
43 52 1532
43 53 1339
43 54 1027
43 55 592
43 56 882
43 57 487
43 58 334
43 59 250
43 60 330
43 61 335
43 62 612
43 63 1269
43 64 2244
43 65 1839
43 66 765
43 67 413
43 68 229
43 69 237
43 70 122
43 71 112
43 72 115
43 73 64
43 74 86
43 75 79
43 76 64
43 77 98
43 78 166
43 79 260
43 80 283
43 81 167
43 82 391
43 83 939
43 84 1494
43 85 1118
43 86 322
43 87 126
43 88 126
43 89 82
43 90 35
43 91 37
43 92 53
43 93 49
43 94 18
43 95 24
43 96 25
43 97 25
44 1 0
44 2 0
44 3 0
44 4 0
44 5 0
44 6 0
44 7 0
44 8 0
44 9 0
44 10 0
44 11 0
44 12 0
44 13 0
44 14 0
44 15 0
44 16 0
44 17 0
44 18 0
44 19 5
44 20 11
44 21 45
44 22 193
44 23 226
44 24 0
44 25 0
44 26 0
44 27 0
44 28 0
44 29 43
44 30 238
44 31 250
44 32 1043
44 33 582
44 34 717
44 35 611
44 36 642
44 37 765
44 38 1094
44 39 2516
44 40 5908
44 41 6419
44 42 8086
44 43 12672
44 44 25916
44 45 11926
44 46 3191
44 47 4059
44 48 4989
44 49 4850
44 50 3725
44 51 2808
44 52 1847
44 53 1691
44 54 1248
44 55 644
44 56 970
44 57 530
44 58 323
44 59 270
44 60 399
44 61 338
44 62 624
44 63 1506
44 64 2320
44 65 1960
44 66 820
44 67 430
44 68 262
44 69 234
44 70 168
44 71 121
44 72 121
44 73 53
44 74 78
44 75 96
44 76 74
44 77 83
44 78 181
44 79 288
44 80 303
44 81 187
44 82 420
44 83 934
44 84 1322
44 85 1178
44 86 327
44 87 137
44 88 135
44 89 89
44 90 27
44 91 34
44 92 57
44 93 59
44 94 21
44 95 33
44 96 34
44 97 28
45 1 0
45 2 0
45 3 0
45 4 0
45 5 0
45 6 0
45 7 0
45 8 0
45 9 0
45 10 0
45 11 0
45 12 0
45 13 0
45 14 0
45 15 0
45 16 0
45 17 0
45 18 0
45 19 3
45 20 7
45 21 22
45 22 128
45 23 146
45 24 0
45 25 0
45 26 0
45 27 0
45 28 0
45 29 35
45 30 186
45 31 264
45 32 1098
45 33 735
45 34 751
45 35 773
45 36 739
45 37 811
45 38 1176
45 39 2522
45 40 4891
45 41 4467
45 42 5120
45 43 6393
45 44 11926
45 45 27683
45 46 15476
45 47 11152
45 48 7721
45 49 7170
45 50 4408
45 51 4085
45 52 3050
45 53 2724
45 54 2407
45 55 1156
45 56 1378
45 57 796
45 58 526
45 59 415
45 60 593
45 61 605
45 62 959
45 63 1606
45 64 2081
45 65 1764
45 66 923
45 67 558
45 68 406
45 69 330
45 70 229
45 71 133
45 72 152
45 73 106
45 74 122
45 75 105
45 76 122
45 77 149
45 78 216
45 79 349
45 80 382
45 81 261
45 82 575
45 83 870
45 84 1087
45 85 1022
45 86 460
45 87 194
45 88 168
45 89 104
45 90 42
45 91 50
45 92 91
45 93 66
45 94 35
45 95 42
45 96 50
45 97 34
46 1 0
46 2 0
46 3 0
46 4 0
46 5 0
46 6 0
46 7 0
46 8 0
46 9 0
46 10 0
46 11 0
46 12 0
46 13 0
46 14 0
46 15 0
46 16 0
46 17 0
46 18 0
46 19 2
46 20 9
46 21 8
46 22 61
46 23 66
46 24 0
46 25 0
46 26 0
46 27 0
46 28 0
46 29 20
46 30 83
46 31 245
46 32 849
46 33 969
46 34 820
46 35 1164
46 36 1026
46 37 928
46 38 1213
46 39 1662
46 40 1909
46 41 1651
46 42 1955
46 43 2268
46 44 3191
46 45 15476
46 46 43913
46 47 24472
46 48 6964
46 49 5431
46 50 3304
46 51 4293
46 52 4219
46 53 3422
46 54 3817
46 55 2046
46 56 1808
46 57 1325
46 58 905
46 59 651
46 60 1023
46 61 1124
46 62 1567
46 63 1678
46 64 1216
46 65 1144
46 66 1065
46 67 878
46 68 568
46 69 451
46 70 320
46 71 266
46 72 203
46 73 185
46 74 152
46 75 167
46 76 148
46 77 192
46 78 413
46 79 486
46 80 526
46 81 460
46 82 912
46 83 593
46 84 610
46 85 624
46 86 539
46 87 338
46 88 232
46 89 143
46 90 90
46 91 85
46 92 85
46 93 101
46 94 48
46 95 62
46 96 82
46 97 39
47 1 0
47 2 0
47 3 0
47 4 0
47 5 0
47 6 0
47 7 0
47 8 0
47 9 0
47 10 0
47 11 0
47 12 0
47 13 0
47 14 0
47 15 0
47 16 0
47 17 0
47 18 0
47 19 5
47 20 8
47 21 14
47 22 65
47 23 97
47 24 0
47 25 0
47 26 0
47 27 0
47 28 0
47 29 17
47 30 107
47 31 195
47 32 907
47 33 695
47 34 790
47 35 773
47 36 759
47 37 788
47 38 1026
47 39 1681
47 40 2460
47 41 2223
47 42 2587
47 43 3064
47 44 4059
47 45 11152
47 46 24472
47 47 33369
47 48 11987
47 49 6917
47 50 4534
47 51 4621
47 52 3723
47 53 3273
47 54 3026
47 55 1392
47 56 1631
47 57 949
47 58 522
47 59 464
47 60 625
47 61 633
47 62 1061
47 63 1597
47 64 1613
47 65 1439
47 66 1019
47 67 644
47 68 367
47 69 402
47 70 221
47 71 169
47 72 190
47 73 113
47 74 133
47 75 125
47 76 119
47 77 140
47 78 263
47 79 408
47 80 362
47 81 315
47 82 597
47 83 707
47 84 793
47 85 758
47 86 450
47 87 254
47 88 187
47 89 116
47 90 48
47 91 57
47 92 68
47 93 61
47 94 31
47 95 39
47 96 39
47 97 27
48 1 0
48 2 0
48 3 0
48 4 0
48 5 0
48 6 0
48 7 0
48 8 0
48 9 0
48 10 0
48 11 0
48 12 0
48 13 0
48 14 0
48 15 0
48 16 0
48 17 0
48 18 0
48 19 4
48 20 15
48 21 14
48 22 106
48 23 111
48 24 0
48 25 0
48 26 0
48 27 0
48 28 0
48 29 30
48 30 129
48 31 153
48 32 797
48 33 483
48 34 543
48 35 432
48 36 428
48 37 587
48 38 687
48 39 1467
48 40 3090
48 41 2924
48 42 3317
48 43 3974
48 44 4989
48 45 7721
48 46 6964
48 47 11987
48 48 22930
48 49 12528
48 50 6875
48 51 5316
48 52 3555
48 53 3013
48 54 2144
48 55 865
48 56 1247
48 57 581
48 58 349
48 59 287
48 60 427
48 61 435
48 62 615
48 63 1413
48 64 2119
48 65 1730
48 66 679
48 67 365
48 68 253
48 69 217
48 70 134
48 71 79
48 72 104
48 73 63
48 74 70
48 75 89
48 76 72
48 77 73
48 78 179
48 79 243
48 80 274
48 81 151
48 82 362
48 83 755
48 84 1003
48 85 825
48 86 236
48 87 124
48 88 92
48 89 64
48 90 27
48 91 32
48 92 55
48 93 50
48 94 13
48 95 27
48 96 35
48 97 14
49 1 0
49 2 0
49 3 0
49 4 0
49 5 0
49 6 0
49 7 0
49 8 0
49 9 0
49 10 0
49 11 0
49 12 0
49 13 0
49 14 0
49 15 0
49 16 0
49 17 0
49 18 0
49 19 4
49 20 6
49 21 17
49 22 117
49 23 121
49 24 0
49 25 0
49 26 0
49 27 0
49 28 0
49 29 27
49 30 174
49 31 183
49 32 830
49 33 461
49 34 518
49 35 460
49 36 485
49 37 541
49 38 774
49 39 1576
49 40 3471
49 41 3285
49 42 3544
49 43 4048
49 44 4850
49 45 7170
49 46 5431
49 47 6917
49 48 12528
49 49 23726
49 50 12717
49 51 8018
49 52 5234
49 53 4300
49 54 3045
49 55 1026
49 56 1433
49 57 716
49 58 415
49 59 329
49 60 463
49 61 472
49 62 734
49 63 1599
49 64 2317
49 65 2038
49 66 736
49 67 415
49 68 294
49 69 226
49 70 150
49 71 106
49 72 130
49 73 79
49 74 99
49 75 101
49 76 72
49 77 95
49 78 183
49 79 239
49 80 291
49 81 164
49 82 388
49 83 810
49 84 1044
49 85 902
49 86 314
49 87 138
49 88 108
49 89 92
49 90 40
49 91 34
49 92 58
49 93 68
49 94 20
49 95 25
49 96 45
49 97 20
50 1 0
50 2 0
50 3 0
50 4 0
50 5 0
50 6 0
50 7 0
50 8 0
50 9 0
50 10 0
50 11 0
50 12 0
50 13 0
50 14 0
50 15 0
50 16 0
50 17 0
50 18 0
50 19 0
50 20 8
50 21 16
50 22 93
50 23 136
50 24 0
50 25 0
50 26 0
50 27 0
50 28 0
50 29 20
50 30 151
50 31 149
50 32 754
50 33 441
50 34 558
50 35 462
50 36 481
50 37 524
50 38 677
50 39 1360
50 40 2732
50 41 2641
50 42 2887
50 43 3178
50 44 3725
50 45 4408
50 46 3304
50 47 4534
50 48 6875
50 49 12717
50 50 24949
50 51 14636
50 52 7700
50 53 5837
50 54 3841
50 55 1222
50 56 1788
50 57 816
50 58 412
50 59 399
50 60 521
50 61 495
50 62 746
50 63 1718
50 64 2494
50 65 2048
50 66 814
50 67 434
50 68 250
50 69 231
50 70 162
50 71 104
50 72 117
50 73 83
50 74 95
50 75 81
50 76 68
50 77 87
50 78 140
50 79 278
50 80 262
50 81 167
50 82 373
50 83 700
50 84 1109
50 85 883
50 86 262
50 87 134
50 88 123
50 89 75
50 90 30
50 91 37
50 92 55
50 93 53
50 94 15
50 95 38
50 96 44
50 97 18
51 1 0
51 2 0
51 3 0
51 4 0
51 5 0
51 6 0
51 7 0
51 8 0
51 9 0
51 10 0
51 11 0
51 12 0
51 13 0
51 14 0
51 15 0
51 16 0
51 17 0
51 18 0
51 19 3
51 20 5
51 21 9
51 22 66
51 23 77
51 24 0
51 25 0
51 26 0
51 27 0
51 28 0
51 29 16
51 30 105
51 31 191
51 32 863
51 33 659
51 34 740
51 35 680
51 36 665
51 37 664
51 38 863
51 39 1411
51 40 2106
51 41 1843
51 42 2054
51 43 2218
51 44 2808
51 45 4085
51 46 4293
51 47 4621
51 48 5316
51 49 8018
51 50 14636
51 51 31940
51 52 21275
51 53 9827
51 54 7601
51 55 2157
51 56 2421
51 57 1269
51 58 713
51 59 550
51 60 808
51 61 903
51 62 1124
51 63 1989
51 64 2173
51 65 1847
51 66 1091
51 67 608
51 68 380
51 69 357
51 70 230
51 71 152
51 72 154
51 73 110
51 74 133
51 75 133
51 76 105
51 77 131
51 78 248
51 79 369
51 80 357
51 81 242
51 82 581
51 83 773
51 84 964
51 85 787
51 86 370
51 87 194
51 88 176
51 89 121
51 90 51
51 91 58
51 92 86
51 93 82
51 94 22
51 95 48
51 96 52
51 97 22
52 1 0
52 2 0
52 3 0
52 4 0
52 5 0
52 6 0
52 7 0
52 8 0
52 9 0
52 10 0
52 11 0
52 12 0
52 13 0
52 14 0
52 15 0
52 16 0
52 17 0
52 18 0
52 19 3
52 20 2
52 21 6
52 22 49
52 23 56
52 24 0
52 25 0
52 26 0
52 27 0
52 28 0
52 29 20
52 30 71
52 31 202
52 32 806
52 33 774
52 34 737
52 35 822
52 36 792
52 37 768
52 38 904
52 39 1282
52 40 1514
52 41 1297
52 42 1409
52 43 1532
52 44 1847
52 45 3050
52 46 4219
52 47 3723
52 48 3555
52 49 5234
52 50 7700
52 51 21275
52 52 36889
52 53 14596
52 54 10345
52 55 3058
52 56 2753
52 57 1671
52 58 935
52 59 734
52 60 1075
52 61 1158
52 62 1586
52 63 2019
52 64 1578
52 65 1458
52 66 1058
52 67 747
52 68 471
52 69 388
52 70 292
52 71 186
52 72 183
52 73 143
52 74 132
52 75 137
52 76 109
52 77 193
52 78 329
52 79 378
52 80 461
52 81 356
52 82 715
52 83 629
52 84 714
52 85 634
52 86 423
52 87 257
52 88 197
52 89 131
52 90 63
52 91 72
52 92 77
52 93 90
52 94 42
52 95 49
52 96 57
52 97 43
53 1 0
53 2 0
53 3 0
53 4 0
53 5 0
53 6 0
53 7 0
53 8 0
53 9 0
53 10 0
53 11 0
53 12 0
53 13 0
53 14 0
53 15 0
53 16 0
53 17 0
53 18 0
53 19 2
53 20 3
53 21 7
53 22 52
53 23 60
53 24 0
53 25 0
53 26 0
53 27 0
53 28 0
53 29 11
53 30 84
53 31 199
53 32 1040
53 33 739
53 34 908
53 35 730
53 36 826
53 37 903
53 38 1052
53 39 1453
53 40 1413
53 41 1223
53 42 1249
53 43 1339
53 44 1691
53 45 2724
53 46 3422
53 47 3273
53 48 3013
53 49 4300
53 50 5837
53 51 9827
53 52 14596
53 53 38059
53 54 23389
53 55 4275
53 56 5068
53 57 1776
53 58 666
53 59 557
53 60 864
53 61 953
53 62 1264
53 63 2498
53 64 1890
53 65 1802
53 66 1311
53 67 869
53 68 511
53 69 445
53 70 271
53 71 145
53 72 182
53 73 111
53 74 120
53 75 125
53 76 107
53 77 136
53 78 258
53 79 469
53 80 532
53 81 300
53 82 701
53 83 762
53 84 709
53 85 742
53 86 439
53 87 217
53 88 250
53 89 151
53 90 36
53 91 64
53 92 90
53 93 85
53 94 30
53 95 49
53 96 54
53 97 27
54 1 0
54 2 0
54 3 0
54 4 0
54 5 0
54 6 0
54 7 0
54 8 0
54 9 0
54 10 0
54 11 0
54 12 0
54 13 0
54 14 0
54 15 0
54 16 0
54 17 0
54 18 0
54 19 3
54 20 4
54 21 6
54 22 30
54 23 63
54 24 0
54 25 0
54 26 0
54 27 0
54 28 0
54 29 10
54 30 58
54 31 208
54 32 856
54 33 968
54 34 900
54 35 1074
54 36 930
54 37 827
54 38 1201
54 39 1386
54 40 1046
54 41 911
54 42 939
54 43 1027
54 44 1248
54 45 2407
54 46 3817
54 47 3026
54 48 2144
54 49 3045
54 50 3841
54 51 7601
54 52 10345
54 53 23389
54 54 48937
54 55 16457
54 56 7813
54 57 3992
54 58 1420
54 59 1241
54 60 2079
54 61 2488
54 62 2459
54 63 2578
54 64 1568
54 65 1491
54 66 1674
54 67 1235
54 68 774
54 69 554
54 70 443
54 71 283
54 72 270
54 73 210
54 74 206
54 75 174
54 76 196
54 77 238
54 78 510
54 79 577
54 80 687
54 81 620
54 82 1121
54 83 790
54 84 683
54 85 688
54 86 636
54 87 448
54 88 356
54 89 253
54 90 97
54 91 128
54 92 147
54 93 145
54 94 80
54 95 79
54 96 105
54 97 29
55 1 0
55 2 0
55 3 0
55 4 0
55 5 0
55 6 0
55 7 0
55 8 0
55 9 0
55 10 0
55 11 0
55 12 0
55 13 0
55 14 0
55 15 0
55 16 0
55 17 0
55 18 0
55 19 2
55 20 10
55 21 2
55 22 33
55 23 38
55 24 0
55 25 0
55 26 0
55 27 0
55 28 0
55 29 12
55 30 29
55 31 179
55 32 610
55 33 839
55 34 611
55 35 997
55 36 762
55 37 683
55 38 981
55 39 1001
55 40 576
55 41 561
55 42 508
55 43 592
55 44 644
55 45 1156
55 46 2046
55 47 1392
55 48 865
55 49 1026
55 50 1222
55 51 2157
55 52 3058
55 53 4275
55 54 16457
55 55 55734
55 56 29318
55 57 8647
55 58 2607
55 59 2488
55 60 3915
55 61 4734
55 62 2686
55 63 2068
55 64 1111
55 65 1138
55 66 1569
55 67 1409
55 68 1021
55 69 703
55 70 648
55 71 404
55 72 319
55 73 300
55 74 253
55 75 238
55 76 306
55 77 355
55 78 644
55 79 586
55 80 687
55 81 695
55 82 1212
55 83 645
55 84 509
55 85 555
55 86 662
55 87 617
55 88 455
55 89 280
55 90 169
55 91 208
55 92 188
55 93 174
55 94 93
55 95 112
55 96 164
55 97 61
56 1 0
56 2 0
56 3 0
56 4 0
56 5 0
56 6 0
56 7 0
56 8 0
56 9 0
56 10 0
56 11 0
56 12 0
56 13 0
56 14 0
56 15 0
56 16 0
56 17 0
56 18 0
56 19 4
56 20 9
56 21 5
56 22 53
56 23 47
56 24 0
56 25 0
56 26 0
56 27 0
56 28 0
56 29 8
56 30 66
56 31 227
56 32 1035
56 33 831
56 34 992
56 35 886
56 36 949
56 37 939
56 38 1190
56 39 1409
56 40 899
56 41 836
56 42 812
56 43 882
56 44 970
56 45 1378
56 46 1808
56 47 1631
56 48 1247
56 49 1433
56 50 1788
56 51 2421
56 52 2753
56 53 5068
56 54 7813
56 55 29318
56 56 52324
56 57 11725
56 58 1956
56 59 1896
56 60 2676
56 61 2964
56 62 2080
56 63 3237
56 64 2055
56 65 1995
56 66 2165
56 67 1476
56 68 859
56 69 771
56 70 423
56 71 255
56 72 277
56 73 193
56 74 165
56 75 225
56 76 221
56 77 215
56 78 398
56 79 755
56 80 802
56 81 504
56 82 996
56 83 945
56 84 784
56 85 894
56 86 739
56 87 392
56 88 442
56 89 281
56 90 106
56 91 140
56 92 166
56 93 157
56 94 67
56 95 113
56 96 98
56 97 37
57 1 0
57 2 0
57 3 0
57 4 0
57 5 0
57 6 0
57 7 0
57 8 0
57 9 0
57 10 0
57 11 0
57 12 0
57 13 0
57 14 0
57 15 0
57 16 0
57 17 0
57 18 0
57 19 1
57 20 6
57 21 2
57 22 24
57 23 29
57 24 0
57 25 0
57 26 0
57 27 0
57 28 0
57 29 9
57 30 34
57 31 129
57 32 421
57 33 638
57 34 440
57 35 714
57 36 619
57 37 492
57 38 576
57 39 648
57 40 451
57 41 423
57 42 463
57 43 487
57 44 530
57 45 796
57 46 1325
57 47 949
57 48 581
57 49 716
57 50 816
57 51 1269
57 52 1671
57 53 1776
57 54 3992
57 55 8647
57 56 11725
57 57 47202
57 58 37229
57 59 15838
57 60 14812
57 61 12695
57 62 2599
57 63 1728
57 64 997
57 65 1038
57 66 1263
57 67 988
57 68 785
57 69 584
57 70 556
57 71 460
57 72 391
57 73 320
57 74 322
57 75 295
57 76 356
57 77 441
57 78 568
57 79 456
57 80 459
57 81 618
57 82 761
57 83 396
57 84 325
57 85 425
57 86 480
57 87 442
57 88 329
57 89 232
57 90 181
57 91 233
57 92 146
57 93 185
57 94 144
57 95 134
57 96 148
57 97 56
58 1 0
58 2 0
58 3 0
58 4 0
58 5 0
58 6 0
58 7 0
58 8 0
58 9 0
58 10 0
58 11 0
58 12 0
58 13 0
58 14 0
58 15 0
58 16 0
58 17 0
58 18 0
58 19 1
58 20 3
58 21 4
58 22 20
58 23 20
58 24 0
58 25 0
58 26 0
58 27 0
58 28 0
58 29 5
58 30 18
58 31 87
58 32 257
58 33 535
58 34 214
58 35 532
58 36 457
58 37 309
58 38 375
58 39 335
58 40 276
58 41 299
58 42 314
58 43 334
58 44 323
58 45 526
58 46 905
58 47 522
58 48 349
58 49 415
58 50 412
58 51 713
58 52 935
58 53 666
58 54 1420
58 55 2607
58 56 1956
58 57 37229
58 58 63602
58 59 21402
58 60 15021
58 61 10554
58 62 2025
58 63 817
58 64 446
58 65 504
58 66 670
58 67 713
58 68 641
58 69 451
58 70 545
58 71 511
58 72 367
58 73 396
58 74 396
58 75 296
58 76 461
58 77 517
58 78 552
58 79 317
58 80 344
58 81 574
58 82 550
58 83 229
58 84 249
58 85 288
58 86 377
58 87 434
58 88 285
58 89 228
58 90 227
58 91 272
58 92 151
58 93 167
58 94 175
58 95 149
58 96 178
58 97 64
59 1 0
59 2 0
59 3 0
59 4 0
59 5 0
59 6 0
59 7 0
59 8 0
59 9 0
59 10 0
59 11 0
59 12 0
59 13 0
59 14 0
59 15 0
59 16 0
59 17 0
59 18 0
59 19 1
59 20 4
59 21 3
59 22 20
59 23 15
59 24 0
59 25 0
59 26 0
59 27 0
59 28 0
59 29 5
59 30 26
59 31 57
59 32 167
59 33 356
59 34 153
59 35 344
59 36 291
59 37 214
59 38 250
59 39 256
59 40 238
59 41 226
59 42 238
59 43 250
59 44 270
59 45 415
59 46 651
59 47 464
59 48 287
59 49 329
59 50 399
59 51 550
59 52 734
59 53 557
59 54 1241
59 55 2488
59 56 1896
59 57 15838
59 58 21402
59 59 28894
59 60 24351
59 61 11753
59 62 1515
59 63 671
59 64 394
59 65 451
59 66 470
59 67 513
59 68 402
59 69 290
59 70 357
59 71 339
59 72 246
59 73 246
59 74 198
59 75 226
59 76 258
59 77 304
59 78 374
59 79 213
59 80 248
59 81 339
59 82 363
59 83 200
59 84 185
59 85 188
59 86 234
59 87 312
59 88 196
59 89 172
59 90 130
59 91 139
59 92 103
59 93 116
59 94 104
59 95 78
59 96 114
59 97 43
60 1 0
60 2 0
60 3 0
60 4 0
60 5 0
60 6 0
60 7 0
60 8 0
60 9 0
60 10 0
60 11 0
60 12 0
60 13 0
60 14 0
60 15 0
60 16 0
60 17 0
60 18 0
60 19 0
60 20 4
60 21 2
60 22 28
60 23 30
60 24 0
60 25 0
60 26 0
60 27 0
60 28 0
60 29 4
60 30 22
60 31 70
60 32 301
60 33 559
60 34 247
60 35 634
60 36 441
60 37 329
60 38 417
60 39 408
60 40 320
60 41 337
60 42 306
60 43 330
60 44 399
60 45 593
60 46 1023
60 47 625
60 48 427
60 49 463
60 50 521
60 51 808
60 52 1075
60 53 864
60 54 2079
60 55 3915
60 56 2676
60 57 14812
60 58 15021
60 59 24351
60 60 65381
60 61 32466
60 62 2929
60 63 1228
60 64 638
60 65 776
60 66 918
60 67 916
60 68 717
60 69 470
60 70 611
60 71 549
60 72 394
60 73 449
60 74 385
60 75 346
60 76 432
60 77 536
60 78 666
60 79 374
60 80 405
60 81 693
60 82 628
60 83 286
60 84 291
60 85 300
60 86 408
60 87 498
60 88 312
60 89 279
60 90 229
60 91 298
60 92 185
60 93 166
60 94 180
60 95 160
60 96 195
60 97 59
61 1 0
61 2 0
61 3 0
61 4 0
61 5 0
61 6 0
61 7 0
61 8 0
61 9 0
61 10 0
61 11 0
61 12 0
61 13 0
61 14 0
61 15 0
61 16 0
61 17 0
61 18 0
61 19 1
61 20 2
61 21 3
61 22 18
61 23 26
61 24 0
61 25 0
61 26 0
61 27 0
61 28 0
61 29 7
61 30 23
61 31 118
61 32 306
61 33 629
61 34 298
61 35 797
61 36 532
61 37 341
61 38 515
61 39 471
61 40 311
61 41 308
61 42 322
61 43 335
61 44 338
61 45 605
61 46 1124
61 47 633
61 48 435
61 49 472
61 50 495
61 51 903
61 52 1158
61 53 953
61 54 2488
61 55 4734
61 56 2964
61 57 12695
61 58 10554
61 59 11753
61 60 32466
61 61 59397
61 62 20117
61 63 4359
61 64 1212
61 65 1598
61 66 1952
61 67 1746
61 68 1406
61 69 796
61 70 1056
61 71 674
61 72 436
61 73 443
61 74 361
61 75 372
61 76 553
61 77 644
61 78 940
61 79 453
61 80 540
61 81 847
61 82 1173
61 83 381
61 84 335
61 85 375
61 86 575
61 87 659
61 88 392
61 89 385
61 90 294
61 91 382
61 92 228
61 93 236
61 94 235
61 95 170
61 96 279
61 97 74
62 1 0
62 2 0
62 3 0
62 4 0
62 5 0
62 6 0
62 7 0
62 8 0
62 9 0
62 10 0
62 11 0
62 12 0
62 13 0
62 14 0
62 15 0
62 16 0
62 17 0
62 18 0
62 19 1
62 20 11
62 21 2
62 22 44
62 23 31
62 24 0
62 25 0
62 26 0
62 27 0
62 28 0
62 29 11
62 30 57
62 31 224
62 32 545
62 33 988
62 34 564
62 35 1016
62 36 789
62 37 607
62 38 907
62 39 966
62 40 531
62 41 565
62 42 526
62 43 612
62 44 624
62 45 959
62 46 1567
62 47 1061
62 48 615
62 49 734
62 50 746
62 51 1124
62 52 1586
62 53 1264
62 54 2459
62 55 2686
62 56 2080
62 57 2599
62 58 2025
62 59 1515
62 60 2929
62 61 20117
62 62 68905
62 63 26658
62 64 4330
62 65 4296
62 66 4077
62 67 2620
62 68 1718
62 69 919
62 70 964
62 71 565
62 72 419
62 73 390
62 74 347
62 75 308
62 76 453
62 77 533
62 78 891
62 79 714
62 80 867
62 81 1066
62 82 1450
62 83 799
62 84 677
62 85 781
62 86 898
62 87 884
62 88 495
62 89 393
62 90 236
62 91 310
62 92 229
62 93 245
62 94 185
62 95 158
62 96 231
62 97 58
63 1 0
63 2 0
63 3 0
63 4 0
63 5 0
63 6 0
63 7 0
63 8 0
63 9 0
63 10 0
63 11 0
63 12 0
63 13 0
63 14 0
63 15 0
63 16 0
63 17 0
63 18 0
63 19 2
63 20 8
63 21 13
63 22 70
63 23 75
63 24 0
63 25 0
63 26 0
63 27 0
63 28 0
63 29 16
63 30 125
63 31 288
63 32 1104
63 33 853
63 34 1030
63 35 877
63 36 879
63 37 990
63 38 1242
63 39 1589
63 40 1343
63 41 1286
63 42 1245
63 43 1269
63 44 1506
63 45 1606
63 46 1678
63 47 1597
63 48 1413
63 49 1599
63 50 1718
63 51 1989
63 52 2019
63 53 2498
63 54 2578
63 55 2068
63 56 3237
63 57 1728
63 58 817
63 59 671
63 60 1228
63 61 4359
63 62 26658
63 63 45107
63 64 14061
63 65 10568
63 66 6177
63 67 2448
63 68 1356
63 69 966
63 70 542
63 71 275
63 72 319
63 73 146
63 74 161
63 75 184
63 76 181
63 77 226
63 78 391
63 79 788
63 80 866
63 81 517
63 82 1210
63 83 1600
63 84 1497
63 85 1548
63 86 918
63 87 458
63 88 430
63 89 267
63 90 82
63 91 99
63 92 155
63 93 155
63 94 58
63 95 68
63 96 99
63 97 38
64 1 0
64 2 0
64 3 0
64 4 0
64 5 0
64 6 0
64 7 0
64 8 0
64 9 0
64 10 0
64 11 0
64 12 0
64 13 0
64 14 0
64 15 0
64 16 0
64 17 0
64 18 0
64 19 7
64 20 10
64 21 21
64 22 130
64 23 139
64 24 0
64 25 0
64 26 0
64 27 0
64 28 0
64 29 43
64 30 209
64 31 264
64 32 1097
64 33 612
64 34 777
64 35 554
64 36 554
64 37 682
64 38 1018
64 39 1529
64 40 2265
64 41 2245
64 42 2310
64 43 2244
64 44 2320
64 45 2081
64 46 1216
64 47 1613
64 48 2119
64 49 2317
64 50 2494
64 51 2173
64 52 1578
64 53 1890
64 54 1568
64 55 1111
64 56 2055
64 57 997
64 58 446
64 59 394
64 60 638
64 61 1212
64 62 4330
64 63 14061
64 64 33530
64 65 20224
64 66 5437
64 67 1946
64 68 942
64 69 669
64 70 356
64 71 211
64 72 248
64 73 127
64 74 130
64 75 157
64 76 132
64 77 151
64 78 283
64 79 561
64 80 663
64 81 354
64 82 815
64 83 2108
64 84 2612
64 85 2197
64 86 628
64 87 253
64 88 294
64 89 177
64 90 70
64 91 74
64 92 114
64 93 109
64 94 32
64 95 68
64 96 65
64 97 35
65 1 0
65 2 0
65 3 0
65 4 0
65 5 0
65 6 0
65 7 0
65 8 0
65 9 0
65 10 0
65 11 0
65 12 0
65 13 0
65 14 0
65 15 0
65 16 0
65 17 0
65 18 0
65 19 4
65 20 10
65 21 19
65 22 136
65 23 126
65 24 0
65 25 0
65 26 0
65 27 0
65 28 0
65 29 41
65 30 161
65 31 292
65 32 1066
65 33 638
65 34 827
65 35 569
65 36 580
65 37 701
65 38 959
65 39 1586
65 40 1981
65 41 1958
65 42 1881
65 43 1839
65 44 1960
65 45 1764
65 46 1144
65 47 1439
65 48 1730
65 49 2038
65 50 2048
65 51 1847
65 52 1458
65 53 1802
65 54 1491
65 55 1138
65 56 1995
65 57 1038
65 58 504
65 59 451
65 60 776
65 61 1598
65 62 4296
65 63 10568
65 64 20224
65 65 33754
65 66 15622
65 67 3477
65 68 1532
65 69 960
65 70 480
65 71 256
65 72 308
65 73 155
65 74 158
65 75 210
65 76 163
65 77 180
65 78 363
65 79 795
65 80 795
65 81 463
65 82 1135
65 83 2425
65 84 2615
65 85 2360
65 86 928
65 87 360
65 88 423
65 89 239
65 90 71
65 91 76
65 92 150
65 93 145
65 94 48
65 95 59
65 96 69
65 97 43
66 1 0
66 2 0
66 3 0
66 4 0
66 5 0
66 6 0
66 7 0
66 8 0
66 9 0
66 10 0
66 11 0
66 12 0
66 13 0
66 14 0
66 15 0
66 16 0
66 17 0
66 18 0
66 19 0
66 20 9
66 21 9
66 22 100
66 23 68
66 24 0
66 25 0
66 26 0
66 27 0
66 28 0
66 29 20
66 30 89
66 31 317
66 32 862
66 33 785
66 34 865
66 35 789
66 36 660
66 37 687
66 38 1056
66 39 1313
66 40 931
66 41 757
66 42 813
66 43 765
66 44 820
66 45 923
66 46 1065
66 47 1019
66 48 679
66 49 736
66 50 814
66 51 1091
66 52 1058
66 53 1311
66 54 1674
66 55 1569
66 56 2165
66 57 1263
66 58 670
66 59 470
66 60 918
66 61 1952
66 62 4077
66 63 6177
66 64 5437
66 65 15622
66 66 62180
66 67 13329
66 68 4813
66 69 2227
66 70 1028
66 71 532
66 72 553
66 73 308
66 74 302
66 75 368
66 76 344
66 77 360
66 78 675
66 79 1394
66 80 1432
66 81 881
66 82 1932
66 83 2317
66 84 1591
66 85 1807
66 86 1449
66 87 764
66 88 748
66 89 457
66 90 154
66 91 191
66 92 255
66 93 265
66 94 126
66 95 113
66 96 136
66 97 58
67 1 0
67 2 0
67 3 0
67 4 0
67 5 0
67 6 0
67 7 0
67 8 0
67 9 0
67 10 0
67 11 0
67 12 0
67 13 0
67 14 0
67 15 0
67 16 0
67 17 0
67 18 0
67 19 3
67 20 16
67 21 4
67 22 50
67 23 51
67 24 0
67 25 0
67 26 0
67 27 0
67 28 0
67 29 14
67 30 48
67 31 202
67 32 587
67 33 752
67 34 634
67 35 707
67 36 611
67 37 591
67 38 833
67 39 948
67 40 438
67 41 430
67 42 408
67 43 413
67 44 430
67 45 558
67 46 878
67 47 644
67 48 365
67 49 415
67 50 434
67 51 608
67 52 747
67 53 869
67 54 1235
67 55 1409
67 56 1476
67 57 988
67 58 713
67 59 513
67 60 916
67 61 1746
67 62 2620
67 63 2448
67 64 1946
67 65 3477
67 66 13329
67 67 67106
67 68 31479
67 69 4853
67 70 2239
67 71 938
67 72 866
67 73 537
67 74 465
67 75 514
67 76 641
67 77 713
67 78 1082
67 79 1590
67 80 1703
67 81 1309
67 82 2303
67 83 1480
67 84 992
67 85 1181
67 86 1524
67 87 1123
67 88 979
67 89 696
67 90 255
67 91 325
67 92 393
67 93 326
67 94 153
67 95 176
67 96 248
67 97 74
68 1 0
68 2 0
68 3 0
68 4 0
68 5 0
68 6 0
68 7 0
68 8 0
68 9 0
68 10 0
68 11 0
68 12 0
68 13 0
68 14 0
68 15 0
68 16 0
68 17 0
68 18 0
68 19 0
68 20 6
68 21 7
68 22 45
68 23 21
68 24 0
68 25 0
68 26 0
68 27 0
68 28 0
68 29 3
68 30 38
68 31 130
68 32 373
68 33 547
68 34 349
68 35 502
68 36 452
68 37 389
68 38 530
68 39 567
68 40 272
68 41 221
68 42 242
68 43 229
68 44 262
68 45 406
68 46 568
68 47 367
68 48 253
68 49 294
68 50 250
68 51 380
68 52 471
68 53 511
68 54 774
68 55 1021
68 56 859
68 57 785
68 58 641
68 59 402
68 60 717
68 61 1406
68 62 1718
68 63 1356
68 64 942
68 65 1532
68 66 4813
68 67 31479
68 68 58533
68 69 12703
68 70 4067
68 71 1333
68 72 1075
68 73 692
68 74 578
68 75 653
68 76 943
68 77 1003
68 78 1239
68 79 1310
68 80 1375
68 81 1231
68 82 1908
68 83 979
68 84 626
68 85 730
68 86 1175
68 87 1126
68 88 937
68 89 681
68 90 353
68 91 495
68 92 377
68 93 354
68 94 260
68 95 243
68 96 364
68 97 74
69 1 0
69 2 0
69 3 0
69 4 0
69 5 0
69 6 0
69 7 0
69 8 0
69 9 0
69 10 0
69 11 0
69 12 0
69 13 0
69 14 0
69 15 0
69 16 0
69 17 0
69 18 0
69 19 0
69 20 8
69 21 2
69 22 35
69 23 27
69 24 0
69 25 0
69 26 0
69 27 0
69 28 0
69 29 3
69 30 26
69 31 108
69 32 353
69 33 367
69 34 379
69 35 374
69 36 348
69 37 331
69 38 463
69 39 488
69 40 241
69 41 234
69 42 202
69 43 237
69 44 234
69 45 330
69 46 451
69 47 402
69 48 217
69 49 226
69 50 231
69 51 357
69 52 388
69 53 445
69 54 554
69 55 703
69 56 771
69 57 584
69 58 451
69 59 290
69 60 470
69 61 796
69 62 919
69 63 966
69 64 669
69 65 960
69 66 2227
69 67 4853
69 68 12703
69 69 65170
69 70 28217
69 71 3397
69 72 2575
69 73 1129
69 74 872
69 75 1321
69 76 1381
69 77 1284
69 78 1319
69 79 1923
69 80 1759
69 81 1108
69 82 1731
69 83 925
69 84 574
69 85 712
69 86 1017
69 87 913
69 88 1092
69 89 781
69 90 386
69 91 560
69 92 538
69 93 462
69 94 250
69 95 313
69 96 332
69 97 115
70 1 0
70 2 0
70 3 0
70 4 0
70 5 0
70 6 0
70 7 0
70 8 0
70 9 0
70 10 0
70 11 0
70 12 0
70 13 0
70 14 0
70 15 0
70 16 0
70 17 0
70 18 0
70 19 0
70 20 4
70 21 1
70 22 19
70 23 20
70 24 0
70 25 0
70 26 0
70 27 0
70 28 0
70 29 6
70 30 17
70 31 67
70 32 188
70 33 386
70 34 202
70 35 376
70 36 291
70 37 216
70 38 320
70 39 288
70 40 146
70 41 124
70 42 109
70 43 122
70 44 168
70 45 229
70 46 320
70 47 221
70 48 134
70 49 150
70 50 162
70 51 230
70 52 292
70 53 271
70 54 443
70 55 648
70 56 423
70 57 556
70 58 545
70 59 357
70 60 611
70 61 1056
70 62 964
70 63 542
70 64 356
70 65 480
70 66 1028
70 67 2239
70 68 4067
70 69 28217
70 70 73669
70 71 15155
70 72 4264
70 73 1765
70 74 1198
70 75 1400
70 76 2109
70 77 1661
70 78 1826
70 79 1252
70 80 1207
70 81 1191
70 82 1310
70 83 462
70 84 314
70 85 406
70 86 667
70 87 886
70 88 752
70 89 783
70 90 496
70 91 721
70 92 478
70 93 488
70 94 381
70 95 338
70 96 547
70 97 114
71 1 0
71 2 0
71 3 0
71 4 0
71 5 0
71 6 0
71 7 0
71 8 0
71 9 0
71 10 0
71 11 0
71 12 0
71 13 0
71 14 0
71 15 0
71 16 0
71 17 0
71 18 0
71 19 0
71 20 10
71 21 2
71 22 20
71 23 15
71 24 0
71 25 0
71 26 0
71 27 0
71 28 0
71 29 1
71 30 12
71 31 53
71 32 120
71 33 246
71 34 129
71 35 212
71 36 175
71 37 168
71 38 169
71 39 185
71 40 119
71 41 93
71 42 106
71 43 112
71 44 121
71 45 133
71 46 266
71 47 169
71 48 79
71 49 106
71 50 104
71 51 152
71 52 186
71 53 145
71 54 283
71 55 404
71 56 255
71 57 460
71 58 511
71 59 339
71 60 549
71 61 674
71 62 565
71 63 275
71 64 211
71 65 256
71 66 532
71 67 938
71 68 1333
71 69 3397
71 70 15155
71 71 80631
71 72 37296
71 73 5353
71 74 3047
71 75 4139
71 76 3020
71 77 1992
71 78 1406
71 79 810
71 80 831
71 81 852
71 82 762
71 83 271
71 84 222
71 85 228
71 86 472
71 87 628
71 88 579
71 89 558
71 90 449
71 91 642
71 92 406
71 93 465
71 94 409
71 95 403
71 96 430
71 97 121
72 1 0
72 2 0
72 3 0
72 4 0
72 5 0
72 6 0
72 7 0
72 8 0
72 9 0
72 10 0
72 11 0
72 12 0
72 13 0
72 14 0
72 15 0
72 16 0
72 17 0
72 18 0
72 19 0
72 20 9
72 21 2
72 22 22
72 23 19
72 24 0
72 25 0
72 26 0
72 27 0
72 28 0
72 29 3
72 30 10
72 31 49
72 32 151
72 33 204
72 34 152
72 35 189
72 36 143
72 37 128
72 38 170
72 39 175
72 40 119
72 41 124
72 42 118
72 43 115
72 44 121
72 45 152
72 46 203
72 47 190
72 48 104
72 49 130
72 50 117
72 51 154
72 52 183
72 53 182
72 54 270
72 55 319
72 56 277
72 57 391
72 58 367
72 59 246
72 60 394
72 61 436
72 62 419
72 63 319
72 64 248
72 65 308
72 66 553
72 67 866
72 68 1075
72 69 2575
72 70 4264
72 71 37296
72 72 79877
72 73 17910
72 74 6366
72 75 11069
72 76 3434
72 77 2026
72 78 1239
72 79 1129
72 80 993
72 81 747
72 82 647
72 83 354
72 84 251
72 85 360
72 86 557
72 87 614
72 88 682
72 89 537
72 90 439
72 91 563
72 92 502
72 93 535
72 94 298
72 95 389
72 96 391
72 97 99
73 1 0
73 2 0
73 3 0
73 4 0
73 5 0
73 6 0
73 7 0
73 8 0
73 9 0
73 10 0
73 11 0
73 12 0
73 13 0
73 14 0
73 15 0
73 16 0
73 17 0
73 18 0
73 19 1
73 20 5
73 21 1
73 22 13
73 23 13
73 24 0
73 25 0
73 26 0
73 27 0
73 28 0
73 29 1
73 30 6
73 31 25
73 32 65
73 33 137
73 34 92
73 35 148
73 36 141
73 37 94
73 38 115
73 39 116
73 40 72
73 41 56
73 42 52
73 43 64
73 44 53
73 45 106
73 46 185
73 47 113
73 48 63
73 49 79
73 50 83
73 51 110
73 52 143
73 53 111
73 54 210
73 55 300
73 56 193
73 57 320
73 58 396
73 59 246
73 60 449
73 61 443
73 62 390
73 63 146
73 64 127
73 65 155
73 66 308
73 67 537
73 68 692
73 69 1129
73 70 1765
73 71 5353
73 72 17910
73 73 75640
73 74 51087
73 75 36103
73 76 4546
73 77 2126
73 78 1069
73 79 793
73 80 646
73 81 726
73 82 420
73 83 195
73 84 166
73 85 176
73 86 363
73 87 540
73 88 448
73 89 481
73 90 427
73 91 558
73 92 354
73 93 422
73 94 400
73 95 356
73 96 394
73 97 87
74 1 0
74 2 0
74 3 0
74 4 0
74 5 0
74 6 0
74 7 0
74 8 0
74 9 0
74 10 0
74 11 0
74 12 0
74 13 0
74 14 0
74 15 0
74 16 0
74 17 0
74 18 0
74 19 0
74 20 4
74 21 1
74 22 9
74 23 8
74 24 0
74 25 0
74 26 0
74 27 0
74 28 0
74 29 0
74 30 7
74 31 31
74 32 59
74 33 143
74 34 89
74 35 154
74 36 118
74 37 97
74 38 104
74 39 119
74 40 61
74 41 70
74 42 94
74 43 86
74 44 78
74 45 122
74 46 152
74 47 133
74 48 70
74 49 99
74 50 95
74 51 133
74 52 132
74 53 120
74 54 206
74 55 253
74 56 165
74 57 322
74 58 396
74 59 198
74 60 385
74 61 361
74 62 347
74 63 161
74 64 130
74 65 158
74 66 302
74 67 465
74 68 578
74 69 872
74 70 1198
74 71 3047
74 72 6366
74 73 51087
74 74 82284
74 75 44797
74 76 3848
74 77 1866
74 78 1007
74 79 685
74 80 641
74 81 569
74 82 408
74 83 185
74 84 166
74 85 194
74 86 362
74 87 440
74 88 419
74 89 414
74 90 345
74 91 470
74 92 321
74 93 366
74 94 348
74 95 319
74 96 350
74 97 61
75 1 0
75 2 0
75 3 0
75 4 0
75 5 0
75 6 0
75 7 0
75 8 0
75 9 0
75 10 0
75 11 0
75 12 0
75 13 0
75 14 0
75 15 0
75 16 0
75 17 0
75 18 0
75 19 1
75 20 5
75 21 0
75 22 16
75 23 12
75 24 0
75 25 0
75 26 0
75 27 0
75 28 0
75 29 2
75 30 8
75 31 33
75 32 88
75 33 121
75 34 116
75 35 133
75 36 142
75 37 111
75 38 125
75 39 139
75 40 86
75 41 70
75 42 81
75 43 79
75 44 96
75 45 105
75 46 167
75 47 125
75 48 89
75 49 101
75 50 81
75 51 133
75 52 137
75 53 125
75 54 174
75 55 238
75 56 225
75 57 295
75 58 296
75 59 226
75 60 346
75 61 372
75 62 308
75 63 184
75 64 157
75 65 210
75 66 368
75 67 514
75 68 653
75 69 1321
75 70 1400
75 71 4139
75 72 11069
75 73 36103
75 74 44797
75 75 70413
75 76 10946
75 77 3156
75 78 1312
75 79 1036
75 80 915
75 81 652
75 82 447
75 83 266
75 84 228
75 85 253
75 86 386
75 87 459
75 88 521
75 89 450
75 90 391
75 91 465
75 92 389
75 93 380
75 94 264
75 95 343
75 96 340
75 97 72
76 1 0
76 2 0
76 3 0
76 4 0
76 5 0
76 6 0
76 7 0
76 8 0
76 9 0
76 10 0
76 11 0
76 12 0
76 13 0
76 14 0
76 15 0
76 16 0
76 17 0
76 18 0
76 19 0
76 20 6
76 21 2
76 22 15
76 23 8
76 24 0
76 25 0
76 26 0
76 27 0
76 28 0
76 29 3
76 30 8
76 31 33
76 32 76
76 33 159
76 34 86
76 35 165
76 36 145
76 37 100
76 38 129
76 39 145
76 40 81
76 41 59
76 42 78
76 43 64
76 44 74
76 45 122
76 46 148
76 47 119
76 48 72
76 49 72
76 50 68
76 51 105
76 52 109
76 53 107
76 54 196
76 55 306
76 56 221
76 57 356
76 58 461
76 59 258
76 60 432
76 61 553
76 62 453
76 63 181
76 64 132
76 65 163
76 66 344
76 67 641
76 68 943
76 69 1381
76 70 2109
76 71 3020
76 72 3434
76 73 4546
76 74 3848
76 75 10946
76 76 73256
76 77 35009
76 78 5381
76 79 2068
76 80 1359
76 81 1144
76 82 735
76 83 273
76 84 190
76 85 242
76 86 515
76 87 755
76 88 677
76 89 663
76 90 534
76 91 799
76 92 494
76 93 529
76 94 485
76 95 430
76 96 541
76 97 117
77 1 0
77 2 0
77 3 0
77 4 0
77 5 0
77 6 0
77 7 0
77 8 0
77 9 0
77 10 0
77 11 0
77 12 0
77 13 0
77 14 0
77 15 0
77 16 0
77 17 0
77 18 0
77 19 1
77 20 6
77 21 2
77 22 12
77 23 12
77 24 0
77 25 0
77 26 0
77 27 0
77 28 0
77 29 4
77 30 12
77 31 32
77 32 94
77 33 203
77 34 101
77 35 240
77 36 146
77 37 110
77 38 143
77 39 139
77 40 70
77 41 83
77 42 92
77 43 98
77 44 83
77 45 149
77 46 192
77 47 140
77 48 73
77 49 95
77 50 87
77 51 131
77 52 193
77 53 136
77 54 238
77 55 355
77 56 215
77 57 441
77 58 517
77 59 304
77 60 536
77 61 644
77 62 533
77 63 226
77 64 151
77 65 180
77 66 360
77 67 713
77 68 1003
77 69 1284
77 70 1661
77 71 1992
77 72 2026
77 73 2126
77 74 1866
77 75 3156
77 76 35009
77 77 83294
77 78 16534
77 79 3228
77 80 1975
77 81 1593
77 82 977
77 83 327
77 84 217
77 85 287
77 86 596
77 87 831
77 88 665
77 89 676
77 90 610
77 91 792
77 92 452
77 93 479
77 94 470
77 95 409
77 96 464
77 97 129
78 1 0
78 2 0
78 3 0
78 4 0
78 5 0
78 6 0
78 7 0
78 8 0
78 9 0
78 10 0
78 11 0
78 12 0
78 13 0
78 14 0
78 15 0
78 16 0
78 17 0
78 18 0
78 19 1
78 20 6
78 21 3
78 22 26
78 23 19
78 24 0
78 25 0
78 26 0
78 27 0
78 28 0
78 29 5
78 30 16
78 31 88
78 32 214
78 33 416
78 34 214
78 35 482
78 36 309
78 37 258
78 38 335
78 39 301
78 40 161
78 41 187
78 42 155
78 43 166
78 44 181
78 45 216
78 46 413
78 47 263
78 48 179
78 49 183
78 50 140
78 51 248
78 52 329
78 53 258
78 54 510
78 55 644
78 56 398
78 57 568
78 58 552
78 59 374
78 60 666
78 61 940
78 62 891
78 63 391
78 64 283
78 65 363
78 66 675
78 67 1082
78 68 1239
78 69 1319
78 70 1826
78 71 1406
78 72 1239
78 73 1069
78 74 1007
78 75 1312
78 76 5381
78 77 16534
78 78 79818
78 79 16280
78 80 7007
78 81 3810
78 82 2468
78 83 718
78 84 533
78 85 564
78 86 835
78 87 974
78 88 699
78 89 685
78 90 470
78 91 621
78 92 431
78 93 418
78 94 348
78 95 315
78 96 385
78 97 88
79 1 0
79 2 0
79 3 0
79 4 0
79 5 0
79 6 0
79 7 0
79 8 0
79 9 0
79 10 0
79 11 0
79 12 0
79 13 0
79 14 0
79 15 0
79 16 0
79 17 0
79 18 0
79 19 0
79 20 8
79 21 3
79 22 49
79 23 37
79 24 0
79 25 0
79 26 0
79 27 0
79 28 0
79 29 7
79 30 26
79 31 113
79 32 465
79 33 520
79 34 486
79 35 507
79 36 452
79 37 424
79 38 573
79 39 583
79 40 276
79 41 274
79 42 258
79 43 260
79 44 288
79 45 349
79 46 486
79 47 408
79 48 243
79 49 239
79 50 278
79 51 369
79 52 378
79 53 469
79 54 577
79 55 586
79 56 755
79 57 456
79 58 317
79 59 213
79 60 374
79 61 453
79 62 714
79 63 788
79 64 561
79 65 795
79 66 1394
79 67 1590
79 68 1310
79 69 1923
79 70 1252
79 71 810
79 72 1129
79 73 793
79 74 685
79 75 1036
79 76 2068
79 77 3228
79 78 16280
79 79 74704
79 80 33457
79 81 6378
79 82 4296
79 83 2178
79 84 1093
79 85 1274
79 86 1496
79 87 983
79 88 1150
79 89 753
79 90 346
79 91 411
79 92 451
79 93 435
79 94 228
79 95 271
79 96 257
79 97 66
80 1 0
80 2 0
80 3 0
80 4 0
80 5 0
80 6 0
80 7 0
80 8 0
80 9 0
80 10 0
80 11 0
80 12 0
80 13 0
80 14 0
80 15 0
80 16 0
80 17 0
80 18 0
80 19 2
80 20 10
80 21 2
80 22 36
80 23 31
80 24 0
80 25 0
80 26 0
80 27 0
80 28 0
80 29 14
80 30 33
80 31 144
80 32 476
80 33 552
80 34 511
80 35 515
80 36 471
80 37 474
80 38 654
80 39 635
80 40 345
80 41 286
80 42 254
80 43 283
80 44 303
80 45 382
80 46 526
80 47 362
80 48 274
80 49 291
80 50 262
80 51 357
80 52 461
80 53 532
80 54 687
80 55 687
80 56 802
80 57 459
80 58 344
80 59 248
80 60 405
80 61 540
80 62 867
80 63 866
80 64 663
80 65 795
80 66 1432
80 67 1703
80 68 1375
80 69 1759
80 70 1207
80 71 831
80 72 993
80 73 646
80 74 641
80 75 915
80 76 1359
80 77 1975
80 78 7007
80 79 33457
80 80 67346
80 81 23757
80 82 11553
80 83 3030
80 84 1407
80 85 1428
80 86 1697
80 87 1196
80 88 1250
80 89 766
80 90 331
80 91 409
80 92 453
80 93 456
80 94 205
80 95 228
80 96 238
80 97 81
81 1 0
81 2 0
81 3 0
81 4 0
81 5 0
81 6 0
81 7 0
81 8 0
81 9 0
81 10 0
81 11 0
81 12 0
81 13 0
81 14 0
81 15 0
81 16 0
81 17 0
81 18 0
81 19 1
81 20 6
81 21 4
81 22 22
81 23 31
81 24 0
81 25 0
81 26 0
81 27 0
81 28 0
81 29 3
81 30 20
81 31 127
81 32 222
81 33 621
81 34 331
81 35 483
81 36 368
81 37 297
81 38 446
81 39 393
81 40 173
81 41 185
81 42 177
81 43 167
81 44 187
81 45 261
81 46 460
81 47 315
81 48 151
81 49 164
81 50 167
81 51 242
81 52 356
81 53 300
81 54 620
81 55 695
81 56 504
81 57 618
81 58 574
81 59 339
81 60 693
81 61 847
81 62 1066
81 63 517
81 64 354
81 65 463
81 66 881
81 67 1309
81 68 1231
81 69 1108
81 70 1191
81 71 852
81 72 747
81 73 726
81 74 569
81 75 652
81 76 1144
81 77 1593
81 78 3810
81 79 6378
81 80 23757
81 81 87045
81 82 18444
81 83 1721
81 84 803
81 85 895
81 86 1379
81 87 1479
81 88 1014
81 89 765
81 90 490
81 91 550
81 92 420
81 93 416
81 94 305
81 95 237
81 96 328
81 97 100
82 1 0
82 2 0
82 3 0
82 4 0
82 5 0
82 6 0
82 7 0
82 8 0
82 9 0
82 10 0
82 11 0
82 12 0
82 13 0
82 14 0
82 15 0
82 16 0
82 17 0
82 18 0
82 19 1
82 20 17
82 21 3
82 22 61
82 23 58
82 24 0
82 25 0
82 26 0
82 27 0
82 28 0
82 29 12
82 30 54
82 31 226
82 32 712
82 33 910
82 34 676
82 35 890
82 36 684
82 37 610
82 38 943
82 39 1005
82 40 470
82 41 468
82 42 436
82 43 391
82 44 420
82 45 575
82 46 912
82 47 597
82 48 362
82 49 388
82 50 373
82 51 581
82 52 715
82 53 701
82 54 1121
82 55 1212
82 56 996
82 57 761
82 58 550
82 59 363
82 60 628
82 61 1173
82 62 1450
82 63 1210
82 64 815
82 65 1135
82 66 1932
82 67 2303
82 68 1908
82 69 1731
82 70 1310
82 71 762
82 72 647
82 73 420
82 74 408
82 75 447
82 76 735
82 77 977
82 78 2468
82 79 4296
82 80 11553
82 81 18444
82 82 55673
82 83 15539
82 84 3179
82 85 3186
82 86 3194
82 87 2022
82 88 1473
82 89 957
82 90 370
82 91 491
82 92 452
82 93 415
82 94 233
82 95 214
82 96 352
82 97 130
83 1 0
83 2 0
83 3 0
83 4 0
83 5 0
83 6 0
83 7 0
83 8 0
83 9 0
83 10 0
83 11 0
83 12 0
83 13 0
83 14 0
83 15 0
83 16 0
83 17 0
83 18 0
83 19 9
83 20 14
83 21 15
83 22 183
83 23 120
83 24 0
83 25 0
83 26 0
83 27 0
83 28 0
83 29 38
83 30 130
83 31 301
83 32 855
83 33 614
83 34 773
83 35 486
83 36 518
83 37 551
83 38 918
83 39 1390
83 40 1113
83 41 1089
83 42 997
83 43 939
83 44 934
83 45 870
83 46 593
83 47 707
83 48 755
83 49 810
83 50 700
83 51 773
83 52 629
83 53 762
83 54 790
83 55 645
83 56 945
83 57 396
83 58 229
83 59 200
83 60 286
83 61 381
83 62 799
83 63 1600
83 64 2108
83 65 2425
83 66 2317
83 67 1480
83 68 979
83 69 925
83 70 462
83 71 271
83 72 354
83 73 195
83 74 185
83 75 266
83 76 273
83 77 327
83 78 718
83 79 2178
83 80 3030
83 81 1721
83 82 15539
83 83 37037
83 84 14904
83 85 10595
83 86 3793
83 87 1221
83 88 1295
83 89 673
83 90 158
83 91 177
83 92 391
83 93 315
83 94 80
83 95 129
83 96 134
83 97 56
84 1 0
84 2 0
84 3 0
84 4 0
84 5 0
84 6 0
84 7 0
84 8 0
84 9 0
84 10 0
84 11 0
84 12 0
84 13 0
84 14 0
84 15 0
84 16 0
84 17 0
84 18 0
84 19 9
84 20 21
84 21 24
84 22 234
84 23 210
84 24 0
84 25 0
84 26 0
84 27 0
84 28 0
84 29 47
84 30 188
84 31 244
84 32 803
84 33 488
84 34 666
84 35 442
84 36 430
84 37 529
84 38 750
84 39 1195
84 40 1574
84 41 1559
84 42 1569
84 43 1494
84 44 1322
84 45 1087
84 46 610
84 47 793
84 48 1003
84 49 1044
84 50 1109
84 51 964
84 52 714
84 53 709
84 54 683
84 55 509
84 56 784
84 57 325
84 58 249
84 59 185
84 60 291
84 61 335
84 62 677
84 63 1497
84 64 2612
84 65 2615
84 66 1591
84 67 992
84 68 626
84 69 574
84 70 314
84 71 222
84 72 251
84 73 166
84 74 166
84 75 228
84 76 190
84 77 217
84 78 533
84 79 1093
84 80 1407
84 81 803
84 82 3179
84 83 14904
84 84 32999
84 85 19118
84 86 3632
84 87 1057
84 88 961
84 89 550
84 90 138
84 91 172
84 92 341
84 93 249
84 94 67
84 95 113
84 96 127
84 97 52
85 1 0
85 2 0
85 3 0
85 4 0
85 5 0
85 6 0
85 7 0
85 8 0
85 9 0
85 10 0
85 11 0
85 12 0
85 13 0
85 14 0
85 15 0
85 16 0
85 17 0
85 18 0
85 19 3
85 20 33
85 21 16
85 22 227
85 23 204
85 24 0
85 25 0
85 26 0
85 27 0
85 28 0
85 29 47
85 30 172
85 31 297
85 32 892
85 33 547
85 34 692
85 35 490
85 36 462
85 37 513
85 38 809
85 39 1170
85 40 1351
85 41 1315
85 42 1222
85 43 1118
85 44 1178
85 45 1022
85 46 624
85 47 758
85 48 825
85 49 902
85 50 883
85 51 787
85 52 634
85 53 742
85 54 688
85 55 555
85 56 894
85 57 425
85 58 288
85 59 188
85 60 300
85 61 375
85 62 781
85 63 1548
85 64 2197
85 65 2360
85 66 1807
85 67 1181
85 68 730
85 69 712
85 70 406
85 71 228
85 72 360
85 73 176
85 74 194
85 75 253
85 76 242
85 77 287
85 78 564
85 79 1274
85 80 1428
85 81 895
85 82 3186
85 83 10595
85 84 19118
85 85 37851
85 86 10028
85 87 2317
85 88 1809
85 89 942
85 90 231
85 91 212
85 92 471
85 93 375
85 94 105
85 95 141
85 96 151
85 97 69
86 1 0
86 2 0
86 3 0
86 4 0
86 5 0
86 6 0
86 7 0
86 8 0
86 9 0
86 10 0
86 11 0
86 12 0
86 13 0
86 14 0
86 15 0
86 16 0
86 17 0
86 18 0
86 19 3
86 20 18
86 21 8
86 22 79
86 23 61
86 24 0
86 25 0
86 26 0
86 27 0
86 28 0
86 29 10
86 30 53
86 31 196
86 32 488
86 33 550
86 34 495
86 35 489
86 36 403
86 37 364
86 38 650
86 39 733
86 40 398
86 41 398
86 42 331
86 43 322
86 44 327
86 45 460
86 46 539
86 47 450
86 48 236
86 49 314
86 50 262
86 51 370
86 52 423
86 53 439
86 54 636
86 55 662
86 56 739
86 57 480
86 58 377
86 59 234
86 60 408
86 61 575
86 62 898
86 63 918
86 64 628
86 65 928
86 66 1449
86 67 1524
86 68 1175
86 69 1017
86 70 667
86 71 472
86 72 557
86 73 363
86 74 362
86 75 386
86 76 515
86 77 596
86 78 835
86 79 1496
86 80 1697
86 81 1379
86 82 3194
86 83 3793
86 84 3632
86 85 10028
86 86 59562
86 87 19664
86 88 7679
86 89 2356
86 90 496
86 91 503
86 92 805
86 93 685
86 94 255
86 95 281
86 96 318
86 97 109
87 1 0
87 2 0
87 3 0
87 4 0
87 5 0
87 6 0
87 7 0
87 8 0
87 9 0
87 10 0
87 11 0
87 12 0
87 13 0
87 14 0
87 15 0
87 16 0
87 17 0
87 18 0
87 19 0
87 20 12
87 21 4
87 22 35
87 23 32
87 24 0
87 25 0
87 26 0
87 27 0
87 28 0
87 29 7
87 30 19
87 31 105
87 32 199
87 33 416
87 34 228
87 35 409
87 36 290
87 37 249
87 38 367
87 39 383
87 40 123
87 41 152
87 42 145
87 43 126
87 44 137
87 45 194
87 46 338
87 47 254
87 48 124
87 49 138
87 50 134
87 51 194
87 52 257
87 53 217
87 54 448
87 55 617
87 56 392
87 57 442
87 58 434
87 59 312
87 60 498
87 61 659
87 62 884
87 63 458
87 64 253
87 65 360
87 66 764
87 67 1123
87 68 1126
87 69 913
87 70 886
87 71 628
87 72 614
87 73 540
87 74 440
87 75 459
87 76 755
87 77 831
87 78 974
87 79 983
87 80 1196
87 81 1479
87 82 2022
87 83 1221
87 84 1057
87 85 2317
87 86 19664
87 87 74314
87 88 27518
87 89 4249
87 90 1396
87 91 1261
87 92 1067
87 93 889
87 94 488
87 95 418
87 96 489
87 97 143
88 1 0
88 2 0
88 3 0
88 4 0
88 5 0
88 6 0
88 7 0
88 8 0
88 9 0
88 10 0
88 11 0
88 12 0
88 13 0
88 14 0
88 15 0
88 16 0
88 17 0
88 18 0
88 19 0
88 20 13
88 21 4
88 22 36
88 23 29
88 24 0
88 25 0
88 26 0
88 27 0
88 28 0
88 29 8
88 30 19
88 31 85
88 32 243
88 33 271
88 34 278
88 35 286
88 36 227
88 37 203
88 38 267
88 39 303
88 40 127
88 41 124
88 42 139
88 43 126
88 44 135
88 45 168
88 46 232
88 47 187
88 48 92
88 49 108
88 50 123
88 51 176
88 52 197
88 53 250
88 54 356
88 55 455
88 56 442
88 57 329
88 58 285
88 59 196
88 60 312
88 61 392
88 62 495
88 63 430
88 64 294
88 65 423
88 66 748
88 67 979
88 68 937
88 69 1092
88 70 752
88 71 579
88 72 682
88 73 448
88 74 419
88 75 521
88 76 677
88 77 665
88 78 699
88 79 1150
88 80 1250
88 81 1014
88 82 1473
88 83 1295
88 84 961
88 85 1809
88 86 7679
88 87 27518
88 88 78006
88 89 19750
88 90 2945
88 91 1845
88 92 1680
88 93 1192
88 94 480
88 95 466
88 96 565
88 97 137
89 1 0
89 2 0
89 3 0
89 4 0
89 5 0
89 6 0
89 7 0
89 8 0
89 9 0
89 10 0
89 11 0
89 12 0
89 13 0
89 14 0
89 15 0
89 16 0
89 17 0
89 18 0
89 19 1
89 20 7
89 21 2
89 22 18
89 23 13
89 24 0
89 25 0
89 26 0
89 27 0
89 28 0
89 29 6
89 30 16
89 31 55
89 32 137
89 33 201
89 34 159
89 35 192
89 36 143
89 37 139
89 38 198
89 39 196
89 40 102
89 41 86
89 42 93
89 43 82
89 44 89
89 45 104
89 46 143
89 47 116
89 48 64
89 49 92
89 50 75
89 51 121
89 52 131
89 53 151
89 54 253
89 55 280
89 56 281
89 57 232
89 58 228
89 59 172
89 60 279
89 61 385
89 62 393
89 63 267
89 64 177
89 65 239
89 66 457
89 67 696
89 68 681
89 69 781
89 70 783
89 71 558
89 72 537
89 73 481
89 74 414
89 75 450
89 76 663
89 77 676
89 78 685
89 79 753
89 80 766
89 81 765
89 82 957
89 83 673
89 84 550
89 85 942
89 86 2356
89 87 4249
89 88 19750
89 89 61693
89 90 17190
89 91 6545
89 92 2199
89 93 1498
89 94 694
89 95 633
89 96 634
89 97 128
90 1 0
90 2 0
90 3 0
90 4 0
90 5 0
90 6 0
90 7 0
90 8 0
90 9 0
90 10 0
90 11 0
90 12 0
90 13 0
90 14 0
90 15 0
90 16 0
90 17 0
90 18 0
90 19 0
90 20 4
90 21 4
90 22 7
90 23 10
90 24 0
90 25 0
90 26 0
90 27 0
90 28 0
90 29 2
90 30 5
90 31 13
90 32 31
90 33 102
90 34 40
90 35 87
90 36 69
90 37 35
90 38 63
90 39 60
90 40 30
90 41 21
90 42 25
90 43 35
90 44 27
90 45 42
90 46 90
90 47 48
90 48 27
90 49 40
90 50 30
90 51 51
90 52 63
90 53 36
90 54 97
90 55 169
90 56 106
90 57 181
90 58 227
90 59 130
90 60 229
90 61 294
90 62 236
90 63 82
90 64 70
90 65 71
90 66 154
90 67 255
90 68 353
90 69 386
90 70 496
90 71 449
90 72 439
90 73 427
90 74 345
90 75 391
90 76 534
90 77 610
90 78 470
90 79 346
90 80 331
90 81 490
90 82 370
90 83 158
90 84 138
90 85 231
90 86 496
90 87 1396
90 88 2945
90 89 17190
90 90 60240
90 91 26163
90 92 2011
90 93 1197
90 94 765
90 95 615
90 96 648
90 97 125
91 1 0
91 2 0
91 3 0
91 4 0
91 5 0
91 6 0
91 7 0
91 8 0
91 9 0
91 10 0
91 11 0
91 12 0
91 13 0
91 14 0
91 15 0
91 16 0
91 17 0
91 18 0
91 19 1
91 20 8
91 21 1
91 22 6
91 23 7
91 24 0
91 25 0
91 26 0
91 27 0
91 28 0
91 29 3
91 30 3
91 31 23
91 32 38
91 33 123
91 34 45
91 35 117
91 36 73
91 37 56
91 38 62
91 39 67
91 40 40
91 41 33
91 42 23
91 43 37
91 44 34
91 45 50
91 46 85
91 47 57
91 48 32
91 49 34
91 50 37
91 51 58
91 52 72
91 53 64
91 54 128
91 55 208
91 56 140
91 57 233
91 58 272
91 59 139
91 60 298
91 61 382
91 62 310
91 63 99
91 64 74
91 65 76
91 66 191
91 67 325
91 68 495
91 69 560
91 70 721
91 71 642
91 72 563
91 73 558
91 74 470
91 75 465
91 76 799
91 77 792
91 78 621
91 79 411
91 80 409
91 81 550
91 82 491
91 83 177
91 84 172
91 85 212
91 86 503
91 87 1261
91 88 1845
91 89 6545
91 90 26163
91 91 81178
91 92 15855
91 93 3692
91 94 1977
91 95 1316
91 96 1499
91 97 260
92 1 0
92 2 0
92 3 0
92 4 0
92 5 0
92 6 0
92 7 0
92 8 0
92 9 0
92 10 0
92 11 0
92 12 0
92 13 0
92 14 0
92 15 0
92 16 0
92 17 0
92 18 0
92 19 1
92 20 6
92 21 3
92 22 16
92 23 7
92 24 0
92 25 0
92 26 0
92 27 0
92 28 0
92 29 2
92 30 11
92 31 37
92 32 85
92 33 120
92 34 92
92 35 100
92 36 78
92 37 75
92 38 146
92 39 114
92 40 63
92 41 59
92 42 57
92 43 53
92 44 57
92 45 91
92 46 85
92 47 68
92 48 55
92 49 58
92 50 55
92 51 86
92 52 77
92 53 90
92 54 147
92 55 188
92 56 166
92 57 146
92 58 151
92 59 103
92 60 185
92 61 228
92 62 229
92 63 155
92 64 114
92 65 150
92 66 255
92 67 393
92 68 377
92 69 538
92 70 478
92 71 406
92 72 502
92 73 354
92 74 321
92 75 389
92 76 494
92 77 452
92 78 431
92 79 451
92 80 453
92 81 420
92 82 452
92 83 391
92 84 341
92 85 471
92 86 805
92 87 1067
92 88 1680
92 89 2199
92 90 2011
92 91 15855
92 92 61292
92 93 19058
92 94 2924
92 95 1909
92 96 1294
92 97 265
93 1 0
93 2 0
93 3 0
93 4 0
93 5 0
93 6 0
93 7 0
93 8 0
93 9 0
93 10 0
93 11 0
93 12 0
93 13 0
93 14 0
93 15 0
93 16 0
93 17 0
93 18 0
93 19 0
93 20 6
93 21 0
93 22 14
93 23 14
93 24 0
93 25 0
93 26 0
93 27 0
93 28 0
93 29 3
93 30 12
93 31 37
93 32 84
93 33 134
93 34 91
93 35 142
93 36 83
93 37 72
93 38 111
93 39 110
93 40 56
93 41 52
93 42 61
93 43 49
93 44 59
93 45 66
93 46 101
93 47 61
93 48 50
93 49 68
93 50 53
93 51 82
93 52 90
93 53 85
93 54 145
93 55 174
93 56 157
93 57 185
93 58 167
93 59 116
93 60 166
93 61 236
93 62 245
93 63 155
93 64 109
93 65 145
93 66 265
93 67 326
93 68 354
93 69 462
93 70 488
93 71 465
93 72 535
93 73 422
93 74 366
93 75 380
93 76 529
93 77 479
93 78 418
93 79 435
93 80 456
93 81 416
93 82 415
93 83 315
93 84 249
93 85 375
93 86 685
93 87 889
93 88 1192
93 89 1498
93 90 1197
93 91 3692
93 92 19058
93 93 61493
93 94 22457
93 95 4062
93 96 1803
93 97 308
94 1 0
94 2 0
94 3 0
94 4 0
94 5 0
94 6 0
94 7 0
94 8 0
94 9 0
94 10 0
94 11 0
94 12 0
94 13 0
94 14 0
94 15 0
94 16 0
94 17 0
94 18 0
94 19 1
94 20 4
94 21 0
94 22 5
94 23 5
94 24 0
94 25 0
94 26 0
94 27 0
94 28 0
94 29 1
94 30 6
94 31 9
94 32 35
94 33 67
94 34 20
94 35 73
94 36 44
94 37 39
94 38 47
94 39 51
94 40 14
94 41 14
94 42 21
94 43 18
94 44 21
94 45 35
94 46 48
94 47 31
94 48 13
94 49 20
94 50 15
94 51 22
94 52 42
94 53 30
94 54 80
94 55 93
94 56 67
94 57 144
94 58 175
94 59 104
94 60 180
94 61 235
94 62 185
94 63 58
94 64 32
94 65 48
94 66 126
94 67 153
94 68 260
94 69 250
94 70 381
94 71 409
94 72 298
94 73 400
94 74 348
94 75 264
94 76 485
94 77 470
94 78 348
94 79 228
94 80 205
94 81 305
94 82 233
94 83 80
94 84 67
94 85 105
94 86 255
94 87 488
94 88 480
94 89 694
94 90 765
94 91 1977
94 92 2924
94 93 22457
94 94 74236
94 95 21760
94 96 4335
94 97 449
95 1 0
95 2 0
95 3 0
95 4 0
95 5 0
95 6 0
95 7 0
95 8 0
95 9 0
95 10 0
95 11 0
95 12 0
95 13 0
95 14 0
95 15 0
95 16 0
95 17 0
95 18 0
95 19 0
95 20 2
95 21 1
95 22 3
95 23 5
95 24 0
95 25 0
95 26 0
95 27 0
95 28 0
95 29 0
95 30 3
95 31 12
95 32 31
95 33 71
95 34 33
95 35 77
95 36 50
95 37 41
95 38 46
95 39 54
95 40 22
95 41 30
95 42 28
95 43 24
95 44 33
95 45 42
95 46 62
95 47 39
95 48 27
95 49 25
95 50 38
95 51 48
95 52 49
95 53 49
95 54 79
95 55 112
95 56 113
95 57 134
95 58 149
95 59 78
95 60 160
95 61 170
95 62 158
95 63 68
95 64 68
95 65 59
95 66 113
95 67 176
95 68 243
95 69 313
95 70 338
95 71 403
95 72 389
95 73 356
95 74 319
95 75 343
95 76 430
95 77 409
95 78 315
95 79 271
95 80 228
95 81 237
95 82 214
95 83 129
95 84 113
95 85 141
95 86 281
95 87 418
95 88 466
95 89 633
95 90 615
95 91 1316
95 92 1909
95 93 4062
95 94 21760
95 95 63099
95 96 19994
95 97 1146
96 1 0
96 2 0
96 3 0
96 4 0
96 5 0
96 6 0
96 7 0
96 8 0
96 9 0
96 10 0
96 11 0
96 12 0
96 13 0
96 14 0
96 15 0
96 16 0
96 17 0
96 18 0
96 19 0
96 20 3
96 21 1
96 22 7
96 23 12
96 24 0
96 25 0
96 26 0
96 27 0
96 28 0
96 29 3
96 30 4
96 31 30
96 32 34
96 33 85
96 34 45
96 35 86
96 36 61
96 37 52
96 38 65
96 39 72
96 40 28
96 41 33
96 42 33
96 43 25
96 44 34
96 45 50
96 46 82
96 47 39
96 48 35
96 49 45
96 50 44
96 51 52
96 52 57
96 53 54
96 54 105
96 55 164
96 56 98
96 57 148
96 58 178
96 59 114
96 60 195
96 61 279
96 62 231
96 63 99
96 64 65
96 65 69
96 66 136
96 67 248
96 68 364
96 69 332
96 70 547
96 71 430
96 72 391
96 73 394
96 74 350
96 75 340
96 76 541
96 77 464
96 78 385
96 79 257
96 80 238
96 81 328
96 82 352
96 83 134
96 84 127
96 85 151
96 86 318
96 87 489
96 88 565
96 89 634
96 90 648
96 91 1499
96 92 1294
96 93 1803
96 94 4335
96 95 19994
96 96 70815
96 97 9325
97 1 0
97 2 0
97 3 0
97 4 0
97 5 0
97 6 0
97 7 0
97 8 0
97 9 0
97 10 0
97 11 0
97 12 0
97 13 0
97 14 0
97 15 0
97 16 0
97 17 0
97 18 0
97 19 0
97 20 7
97 21 0
97 22 4
97 23 4
97 24 0
97 25 0
97 26 0
97 27 0
97 28 0
97 29 2
97 30 4
97 31 11
97 32 39
97 33 40
97 34 33
97 35 46
97 36 39
97 37 24
97 38 40
97 39 52
97 40 28
97 41 21
97 42 28
97 43 25
97 44 28
97 45 34
97 46 39
97 47 27
97 48 14
97 49 20
97 50 18
97 51 22
97 52 43
97 53 27
97 54 29
97 55 61
97 56 37
97 57 56
97 58 64
97 59 43
97 60 59
97 61 74
97 62 58
97 63 38
97 64 35
97 65 43
97 66 58
97 67 74
97 68 74
97 69 115
97 70 114
97 71 121
97 72 99
97 73 87
97 74 61
97 75 72
97 76 117
97 77 129
97 78 88
97 79 66
97 80 81
97 81 100
97 82 130
97 83 56
97 84 52
97 85 69
97 86 109
97 87 143
97 88 137
97 89 128
97 90 125
97 91 260
97 92 265
97 93 308
97 94 449
97 95 1146
97 96 9325
97 97 7544
